#F mikeandjoshexpt1
#E 1663632019
#D Mon Sep 19 20:00:19 2022
#C Expt1  User = user
#O0 Two Theta     Theta  

#S 1  ascan  tth 10 120  1100 3
#D Mon Sep 19 20:00:44 2022
#T 3  (Seconds)
#G0 0
#G1 10.116 10.116 90 0.6211136128 0.6211136128 90 1 0 60 30 0
#G3 0.6211136128 3.803098383e-17 0 0.6211136128
#G4 9.841871084 5.68220692 0 1.54178
#Q 9.84187 5.68221
#P0 120 90 
#N 7
#L Two Theta  H  K  Epoch  Seconds  Monitor  Detector
10 0.0996801 1.13935 55 3 0 683
10.1 0.101678 1.15062 64 3 0 738
10.2 0.103697 1.1619 73 3 0 682
10.3 0.105734 1.17317 81 3 0 661
10.4 0.107792 1.18443 90 3 0 716
10.5 0.109869 1.19569 99 3 0 687
10.6 0.111965 1.20695 107 3 0 704
10.7 0.114082 1.2182 116 3 0 693
10.8 0.116218 1.22946 125 3 0 667
10.9 0.118373 1.2407 134 3 0 660
11 0.120549 1.25195 142 3 0 627
11.1 0.122743 1.26318 151 3 0 650
11.2 0.124958 1.27442 160 3 0 692
11.3 0.127192 1.28565 168 3 0 687
11.4 0.129446 1.29688 177 3 0 642
11.5 0.131719 1.3081 186 3 0 607
11.6 0.134012 1.31932 194 3 0 607
11.7 0.136324 1.33054 203 3 0 656
11.8 0.138656 1.34175 212 3 0 600
11.9 0.141008 1.35296 221 3 0 644
12 0.143379 1.36416 229 3 0 665
12.1 0.14577 1.37536 238 3 0 601
12.2 0.14818 1.38655 247 3 0 605
12.3 0.15061 1.39775 255 3 0 609
12.4 0.153059 1.40893 264 3 0 617
12.5 0.155528 1.42011 273 3 0 594
12.6 0.158016 1.43129 281 3 0 579
12.7 0.160524 1.44247 290 3 0 591
12.8 0.163051 1.45363 299 3 0 600
12.9 0.165598 1.4648 308 3 0 595
13 0.168164 1.47596 316 3 0 580
13.1 0.17075 1.48712 325 3 0 592
13.2 0.173355 1.49827 334 3 0 622
13.3 0.17598 1.50941 342 3 0 547
13.4 0.178624 1.52056 351 3 0 617
13.5 0.181288 1.53169 360 3 0 594
13.6 0.183971 1.54283 368 3 0 556
13.7 0.186673 1.55395 377 3 0 554
13.8 0.189395 1.56508 386 3 0 586
13.9 0.192136 1.5762 395 3 0 555
14 0.194897 1.58731 403 3 0 566
14.1 0.197677 1.59842 412 3 0 534
14.2 0.200477 1.60952 421 3 0 597
14.3 0.203295 1.62062 429 3 0 532
14.4 0.206134 1.63172 438 3 0 552
14.5 0.208991 1.64281 447 3 0 512
14.6 0.211868 1.65389 455 3 0 461
14.7 0.214764 1.66497 464 3 0 498
14.8 0.21768 1.67604 473 3 0 528
14.9 0.220615 1.68711 481 3 0 553
15 0.223569 1.69818 490 3 0 523
15.1 0.226543 1.70923 499 3 0 505
15.2 0.229535 1.72029 508 3 0 517
15.3 0.232548 1.73134 516 3 0 496
15.4 0.235579 1.74238 525 3 0 517
15.5 0.23863 1.75342 534 3 0 497
15.6 0.2417 1.76445 542 3 0 520
15.7 0.244789 1.77548 551 3 0 523
15.8 0.247897 1.7865 560 3 0 497
15.9 0.251025 1.79751 568 3 0 479
16 0.254172 1.80852 577 3 0 496
16.1 0.257338 1.81953 586 3 0 526
16.2 0.260523 1.83053 595 3 0 485
16.3 0.263727 1.84152 603 3 0 469
16.4 0.266951 1.85251 612 3 0 493
16.5 0.270194 1.86349 621 3 0 481
16.6 0.273456 1.87447 629 3 0 440
16.7 0.276737 1.88544 638 3 0 447
16.8 0.280037 1.89641 647 3 0 482
16.9 0.283357 1.90737 655 3 0 448
17 0.286695 1.91832 664 3 0 489
17.1 0.290053 1.92927 673 3 0 432
17.2 0.29343 1.94021 682 3 0 495
17.3 0.296826 1.95115 690 3 0 499
17.4 0.300241 1.96208 699 3 0 458
17.5 0.303675 1.97301 708 3 0 478
17.6 0.307128 1.98392 716 3 0 439
17.7 0.3106 1.99484 725 3 0 451
17.8 0.314091 2.00574 734 3 0 453
17.9 0.317601 2.01664 742 3 0 454
18 0.32113 2.02754 751 3 0 454
18.1 0.324679 2.03842 760 3 0 439
18.2 0.328246 2.04931 769 3 0 416
18.3 0.331832 2.06018 777 3 0 458
18.4 0.335437 2.07105 786 3 0 414
18.5 0.339061 2.08191 795 3 0 445
18.6 0.342704 2.09277 803 3 0 403
18.7 0.346366 2.10362 812 3 0 417
18.8 0.350047 2.11446 821 3 0 403
18.9 0.353747 2.1253 829 3 0 424
19 0.357466 2.13613 838 3 0 397
19.1 0.361204 2.14696 847 3 0 406
19.2 0.36496 2.15778 856 3 0 427
19.3 0.368736 2.16859 864 3 0 445
19.4 0.37253 2.17939 873 3 0 415
19.5 0.376343 2.19019 882 3 0 445
19.6 0.380175 2.20098 890 3 0 419
19.7 0.384026 2.21177 899 3 0 424
19.8 0.387896 2.22254 908 3 0 385
19.9 0.391784 2.23331 916 3 0 377
20 0.395692 2.24408 925 3 0 397
20.1 0.399618 2.25484 934 3 0 403
20.2 0.403562 2.26559 942 3 0 362
20.3 0.407526 2.27633 951 3 0 386
20.4 0.411508 2.28707 960 3 0 379
20.5 0.415509 2.2978 969 3 0 365
20.6 0.419529 2.30852 977 3 0 388
20.7 0.423568 2.31924 986 3 0 401
20.8 0.427625 2.32994 995 3 0 370
20.9 0.431701 2.34065 1003 3 0 387
21 0.435795 2.35134 1012 3 0 364
21.1 0.439908 2.36203 1021 3 0 358
21.2 0.44404 2.37271 1029 3 0 362
21.3 0.448191 2.38338 1038 3 0 366
21.4 0.45236 2.39405 1047 3 0 368
21.5 0.456548 2.40471 1056 3 0 356
21.6 0.460754 2.41536 1064 3 0 353
21.7 0.464979 2.426 1073 3 0 299
21.8 0.469222 2.43664 1082 3 0 331
21.9 0.473484 2.44727 1090 3 0 323
22 0.477765 2.45789 1099 3 0 336
22.1 0.482064 2.4685 1108 3 0 343
22.2 0.486381 2.47911 1116 3 0 292
22.3 0.490718 2.48971 1125 3 0 338
22.4 0.495072 2.5003 1134 3 0 318
22.5 0.499445 2.51088 1143 3 0 314
22.6 0.503837 2.52146 1151 3 0 341
22.7 0.508247 2.53203 1160 3 0 327
22.8 0.512675 2.54259 1169 3 0 346
22.9 0.517122 2.55314 1177 3 0 323
23 0.521587 2.56368 1186 3 0 317
23.1 0.526071 2.57422 1195 3 0 306
23.2 0.530573 2.58475 1203 3 0 315
23.3 0.535093 2.59527 1212 3 0 292
23.4 0.539632 2.60579 1221 3 0 320
23.5 0.544189 2.61629 1230 3 0 268
23.6 0.548765 2.62679 1238 3 0 289
23.7 0.553359 2.63728 1247 3 0 291
23.8 0.557971 2.64776 1256 3 0 277
23.9 0.562601 2.65823 1264 3 0 255
24 0.56725 2.6687 1273 3 0 310
24.1 0.571917 2.67916 1282 3 0 290
24.2 0.576602 2.68961 1290 3 0 280
24.3 0.581305 2.70005 1299 3 0 282
24.4 0.586027 2.71048 1308 3 0 315
24.5 0.590766 2.7209 1317 3 0 277
24.6 0.595524 2.73132 1325 3 0 253
24.7 0.6003 2.74173 1334 3 0 313
24.8 0.605095 2.75213 1343 3 0 260
24.9 0.609907 2.76252 1351 3 0 251
25 0.614738 2.7729 1360 3 0 260
25.1 0.619586 2.78328 1369 3 0 243
25.2 0.624453 2.79364 1377 3 0 287
25.3 0.629338 2.804 1386 3 0 254
25.4 0.634241 2.81435 1395 3 0 247
25.5 0.639162 2.82469 1404 3 0 249
25.6 0.644101 2.83502 1412 3 0 255
25.7 0.649058 2.84534 1421 3 0 238
25.8 0.654033 2.85566 1430 3 0 241
25.9 0.659026 2.86596 1438 3 0 281
26 0.664037 2.87626 1447 3 0 249
26.1 0.669066 2.88655 1456 3 0 231
26.2 0.674113 2.89683 1465 3 0 244
26.3 0.679178 2.9071 1473 3 0 229
26.4 0.684261 2.91736 1482 3 0 231
26.5 0.689362 2.92761 1491 3 0 241
26.6 0.69448 2.93786 1499 3 0 229
26.7 0.699617 2.94809 1508 3 0 206
26.8 0.704771 2.95832 1517 3 0 252
26.9 0.709943 2.96854 1526 3 0 235
27 0.715133 2.97874 1534 3 0 226
27.1 0.720341 2.98894 1543 3 0 206
27.2 0.725567 2.99913 1552 3 0 222
27.3 0.73081 3.00931 1560 3 0 199
27.4 0.736071 3.01948 1569 3 0 213
27.5 0.74135 3.02965 1578 3 0 238
27.6 0.746646 3.0398 1587 3 0 217
27.7 0.751961 3.04994 1595 3 0 235
27.8 0.757293 3.06008 1604 3 0 230
27.9 0.762642 3.0702 1613 3 0 197
28 0.76801 3.08032 1621 3 0 197
28.1 0.773395 3.09043 1630 3 0 209
28.2 0.778797 3.10052 1639 3 0 194
28.3 0.784218 3.11061 1648 3 0 204
28.4 0.789655 3.12069 1656 3 0 179
28.5 0.795111 3.13076 1665 3 0 210
28.6 0.800584 3.14082 1674 3 0 199
28.7 0.806074 3.15087 1682 3 0 182
28.8 0.811582 3.16091 1691 3 0 218
28.9 0.817108 3.17094 1700 3 0 197
29 0.822651 3.18096 1709 3 0 186
29.1 0.828212 3.19097 1717 3 0 176
29.2 0.83379 3.20097 1726 3 0 164
29.3 0.839385 3.21096 1735 3 0 175
29.4 0.844998 3.22094 1743 3 0 185
29.5 0.850628 3.23091 1752 3 0 184
29.6 0.856276 3.24087 1761 3 0 170
29.7 0.861941 3.25083 1770 3 0 170
29.8 0.867624 3.26077 1778 3 0 179
29.9 0.873323 3.2707 1787 3 0 148
30 0.87904 3.28062 1796 3 0 181
30.1 0.884775 3.29054 1804 3 0 192
30.2 0.890527 3.30044 1813 3 0 166
30.3 0.896296 3.31033 1822 3 0 195
30.4 0.902082 3.32021 1831 3 0 164
30.5 0.907885 3.33008 1839 3 0 156
30.6 0.913706 3.33995 1848 3 0 179
30.7 0.919544 3.3498 1857 3 0 152
30.8 0.925399 3.35964 1865 3 0 151
30.9 0.931271 3.36947 1874 3 0 147
31 0.937161 3.37929 1883 3 0 150
31.1 0.943067 3.3891 1892 3 0 152
31.2 0.948991 3.3989 1900 3 0 141
31.3 0.954932 3.40869 1909 3 0 145
31.4 0.960889 3.41847 1918 3 0 162
31.5 0.966864 3.42824 1926 3 0 143
31.6 0.972856 3.438 1935 3 0 142
31.7 0.978865 3.44775 1944 3 0 149
31.8 0.984891 3.45749 1953 3 0 142
31.9 0.990934 3.46721 1961 3 0 163
32 0.996994 3.47693 1970 3 0 168
32.1 1.00307 3.48664 1979 3 0 138
32.2 1.00916 3.49633 1987 3 0 139
32.3 1.01528 3.50602 1996 3 0 142
32.4 1.0214 3.51569 2005 3 0 133
32.5 1.02755 3.52536 2014 3 0 140
32.6 1.03371 3.53501 2022 3 0 156
32.7 1.03989 3.54465 2031 3 0 159
32.8 1.04608 3.55428 2040 3 0 153
32.9 1.05229 3.5639 2048 3 0 134
33 1.05852 3.57351 2057 3 0 134
33.1 1.06477 3.58311 2066 3 0 122
33.2 1.07103 3.5927 2075 3 0 144
33.3 1.07731 3.60227 2083 3 0 134
33.4 1.0836 3.61184 2092 3 0 134
33.5 1.08992 3.6214 2101 3 0 130
33.6 1.09625 3.63094 2109 3 0 140
33.7 1.10259 3.64047 2118 3 0 123
33.8 1.10895 3.64999 2127 3 0 138
33.9 1.11533 3.6595 2136 3 0 133
34 1.12173 3.669 2144 3 0 110
34.1 1.12814 3.67849 2153 3 0 127
34.2 1.13457 3.68797 2162 3 0 122
34.3 1.14101 3.69743 2170 3 0 138
34.4 1.14747 3.70689 2179 3 0 131
34.5 1.15395 3.71633 2188 3 0 115
34.6 1.16045 3.72576 2197 3 0 122
34.7 1.16696 3.73518 2205 3 0 103
34.8 1.17348 3.74459 2214 3 0 121
34.9 1.18003 3.75399 2223 3 0 127
35 1.18659 3.76338 2231 3 0 115
35.1 1.19316 3.77275 2240 3 0 90
35.2 1.19976 3.78212 2249 3 0 109
35.3 1.20637 3.79147 2258 3 0 128
35.4 1.21299 3.80081 2266 3 0 129
35.5 1.21963 3.81014 2275 3 0 104
35.6 1.22629 3.81945 2284 3 0 106
35.7 1.23297 3.82876 2292 3 0 95
35.8 1.23966 3.83805 2301 3 0 113
35.9 1.24636 3.84733 2310 3 0 115
36 1.25309 3.8566 2319 3 0 93
36.1 1.25983 3.86586 2327 3 0 96
36.2 1.26658 3.87511 2336 3 0 97
36.3 1.27335 3.88434 2345 3 0 111
36.4 1.28014 3.89357 2354 3 0 100
36.5 1.28694 3.90278 2362 3 0 97
36.6 1.29376 3.91198 2371 3 0 101
36.7 1.3006 3.92117 2380 3 0 102
36.8 1.30745 3.93034 2388 3 0 129
36.9 1.31432 3.93951 2397 3 0 89
37 1.3212 3.94866 2406 3 0 122
37.1 1.3281 3.9578 2415 3 0 90
37.2 1.33502 3.96692 2423 3 0 110
37.3 1.34195 3.97604 2432 3 0 96
37.4 1.3489 3.98514 2441 3 0 106
37.5 1.35586 3.99423 2449 3 0 116
37.6 1.36284 4.00331 2458 3 0 107
37.7 1.36983 4.01238 2467 3 0 92
37.8 1.37684 4.02143 2476 3 0 98
37.9 1.38387 4.03048 2484 3 0 111
38 1.39091 4.03951 2493 3 0 101
38.1 1.39797 4.04853 2502 3 0 104
38.2 1.40505 4.05753 2510 3 0 97
38.3 1.41214 4.06652 2519 3 0 93
38.4 1.41924 4.0755 2528 3 0 89
38.5 1.42636 4.08447 2537 3 0 102
38.6 1.4335 4.09343 2545 3 0 122
38.7 1.44065 4.10237 2554 3 0 190
38.8 1.44782 4.1113 2563 3 0 277
38.9 1.455 4.12022 2571 3 0 343
39 1.4622 4.12913 2580 3 0 497
39.1 1.46941 4.13802 2589 3 0 527
39.2 1.47664 4.1469 2598 3 0 516
39.3 1.48389 4.15577 2606 3 0 410
39.4 1.49115 4.16462 2615 3 0 265
39.5 1.49843 4.17347 2624 3 0 169
39.6 1.50572 4.1823 2632 3 0 133
39.7 1.51303 4.19111 2641 3 0 92
39.8 1.52035 4.19992 2650 3 0 75
39.9 1.52769 4.20871 2659 3 0 78
40 1.53504 4.21749 2667 3 0 60
40.1 1.54241 4.22625 2676 3 0 76
40.2 1.54979 4.23501 2685 3 0 85
40.3 1.55719 4.24375 2693 3 0 72
40.4 1.56461 4.25248 2702 3 0 77
40.5 1.57204 4.26119 2711 3 0 91
40.6 1.57948 4.26989 2720 3 0 99
40.7 1.58694 4.27858 2728 3 0 91
40.8 1.59442 4.28725 2737 3 0 72
40.9 1.60191 4.29592 2746 3 0 73
41 1.60941 4.30457 2754 3 0 74
41.1 1.61693 4.3132 2763 3 0 78
41.2 1.62447 4.32182 2772 3 0 63
41.3 1.63202 4.33043 2781 3 0 61
41.4 1.63958 4.33903 2789 3 0 75
41.5 1.64716 4.34761 2798 3 0 93
41.6 1.65476 4.35618 2807 3 0 59
41.7 1.66237 4.36474 2815 3 0 58
41.8 1.66999 4.37328 2824 3 0 63
41.9 1.67764 4.38181 2833 3 0 77
42 1.68529 4.39033 2842 3 0 74
42.1 1.69296 4.39883 2850 3 0 69
42.2 1.70065 4.40732 2859 3 0 78
42.3 1.70834 4.4158 2868 3 0 82
42.4 1.71606 4.42426 2876 3 0 66
42.5 1.72379 4.43271 2885 3 0 84
42.6 1.73153 4.44115 2894 3 0 70
42.7 1.73929 4.44957 2903 3 0 77
42.8 1.74706 4.45798 2911 3 0 69
42.9 1.75485 4.46638 2920 3 0 66
43 1.76265 4.47476 2929 3 0 65
43.1 1.77047 4.48313 2937 3 0 71
43.2 1.7783 4.49148 2946 3 0 83
43.3 1.78615 4.49982 2955 3 0 62
43.4 1.79401 4.50815 2964 3 0 67
43.5 1.80189 4.51646 2972 3 0 72
43.6 1.80978 4.52476 2981 3 0 62
43.7 1.81768 4.53305 2990 3 0 54
43.8 1.8256 4.54132 2998 3 0 59
43.9 1.83353 4.54958 3007 3 0 65
44 1.84148 4.55783 3016 3 0 47
44.1 1.84944 4.56606 3025 3 0 57
44.2 1.85742 4.57427 3033 3 0 77
44.3 1.86541 4.58248 3042 3 0 63
44.4 1.87342 4.59066 3051 3 0 67
44.5 1.88143 4.59884 3059 3 0 70
44.6 1.88947 4.607 3068 3 0 79
44.7 1.89752 4.61515 3077 3 0 74
44.8 1.90558 4.62328 3086 3 0 72
44.9 1.91365 4.6314 3094 3 0 56
45 1.92174 4.6395 3103 3 0 81
45.1 1.92985 4.64759 3112 3 0 83
45.2 1.93797 4.65567 3120 3 0 130
45.3 1.9461 4.66373 3129 3 0 196
45.4 1.95425 4.67178 3138 3 0 315
45.5 1.96241 4.67981 3147 3 0 362
45.6 1.97058 4.68783 3155 3 0 479
45.7 1.97877 4.69584 3164 3 0 540
45.8 1.98697 4.70383 3173 3 0 467
45.9 1.99519 4.7118 3181 3 0 415
46 2.00342 4.71977 3190 3 0 241
46.1 2.01167 4.72771 3199 3 0 158
46.2 2.01992 4.73565 3208 3 0 116
46.3 2.0282 4.74357 3216 3 0 74
46.4 2.03648 4.75147 3225 3 0 62
46.5 2.04478 4.75936 3234 3 0 75
46.6 2.0531 4.76724 3242 3 0 65
46.7 2.06142 4.7751 3251 3 0 52
46.8 2.06976 4.78294 3260 3 0 56
46.9 2.07812 4.79078 3269 3 0 60
47 2.08649 4.79859 3277 3 0 51
47.1 2.09487 4.8064 3286 3 0 59
47.2 2.10326 4.81418 3295 3 0 50
47.3 2.11167 4.82196 3303 3 0 65
47.4 2.1201 4.82972 3312 3 0 47
47.5 2.12853 4.83746 3321 3 0 54
47.6 2.13698 4.84519 3330 3 0 55
47.7 2.14545 4.8529 3338 3 0 56
47.8 2.15392 4.8606 3347 3 0 38
47.9 2.16241 4.86829 3356 3 0 59
48 2.17092 4.87596 3364 3 0 37
48.1 2.17943 4.88361 3373 3 0 51
48.2 2.18796 4.89125 3382 3 0 52
48.3 2.19651 4.89888 3391 3 0 54
48.4 2.20506 4.90649 3399 3 0 60
48.5 2.21363 4.91408 3408 3 0 44
48.6 2.22222 4.92166 3417 3 0 46
48.7 2.23081 4.92923 3425 3 0 49
48.8 2.23942 4.93678 3434 3 0 43
48.9 2.24805 4.94432 3443 3 0 37
49 2.25668 4.95184 3452 3 0 39
49.1 2.26533 4.95934 3460 3 0 45
49.2 2.27399 4.96683 3469 3 0 37
49.3 2.28267 4.97431 3478 3 0 44
49.4 2.29136 4.98177 3486 3 0 48
49.5 2.30006 4.98921 3495 3 0 44
49.6 2.30877 4.99664 3504 3 0 33
49.7 2.3175 5.00406 3513 3 0 29
49.8 2.32624 5.01145 3521 3 0 51
49.9 2.33499 5.01884 3530 3 0 48
50 2.34376 5.02621 3539 3 0 46
50.1 2.35254 5.03356 3547 3 0 38
50.2 2.36133 5.0409 3556 3 0 49
50.3 2.37013 5.04822 3565 3 0 53
50.4 2.37895 5.05553 3574 3 0 33
50.5 2.38778 5.06282 3582 3 0 46
50.6 2.39662 5.0701 3591 3 0 30
50.7 2.40548 5.07736 3600 3 0 53
50.8 2.41435 5.0846 3609 3 0 60
50.9 2.42323 5.09183 3617 3 0 51
51 2.43212 5.09905 3626 3 0 53
51.1 2.44103 5.10625 3635 3 0 37
51.2 2.44994 5.11343 3643 3 0 45
51.3 2.45888 5.1206 3652 3 0 45
51.4 2.46782 5.12775 3661 3 0 29
51.5 2.47677 5.13489 3670 3 0 41
51.6 2.48574 5.14201 3678 3 0 40
51.7 2.49472 5.14911 3687 3 0 42
51.8 2.50372 5.1562 3696 3 0 57
51.9 2.51272 5.16328 3704 3 0 40
52 2.52174 5.17033 3713 3 0 36
52.1 2.53077 5.17738 3722 3 0 48
52.2 2.53981 5.1844 3731 3 0 33
52.3 2.54887 5.19141 3739 3 0 39
52.4 2.55793 5.19841 3748 3 0 36
52.5 2.56701 5.20539 3757 3 0 40
52.6 2.5761 5.21235 3765 3 0 38
52.7 2.58521 5.2193 3774 3 0 39
52.8 2.59432 5.22623 3783 3 0 36
52.9 2.60345 5.23315 3792 3 0 43
53 2.61259 5.24005 3800 3 0 35
53.1 2.62174 5.24693 3809 3 0 48
53.2 2.63091 5.2538 3818 3 0 42
53.3 2.64008 5.26065 3826 3 0 42
53.4 2.64927 5.26748 3835 3 0 43
53.5 2.65847 5.2743 3844 3 0 36
53.6 2.66768 5.28111 3853 3 0 45
53.7 2.6769 5.28789 3861 3 0 26
53.8 2.68614 5.29467 3870 3 0 30
53.9 2.69538 5.30142 3879 3 0 39
54 2.70464 5.30816 3887 3 0 30
54.1 2.71391 5.31488 3896 3 0 34
54.2 2.7232 5.32159 3905 3 0 38
54.3 2.73249 5.32828 3914 3 0 43
54.4 2.74179 5.33496 3922 3 0 37
54.5 2.75111 5.34161 3931 3 0 38
54.6 2.76044 5.34826 3940 3 0 36
54.7 2.76978 5.35488 3948 3 0 44
54.8 2.77913 5.36149 3957 3 0 36
54.9 2.7885 5.36808 3966 3 0 43
55 2.79787 5.37466 3975 3 0 44
55.1 2.80726 5.38122 3983 3 0 37
55.2 2.81665 5.38776 3992 3 0 43
55.3 2.82606 5.39429 4001 3 0 26
55.4 2.83548 5.4008 4009 3 0 33
55.5 2.84492 5.4073 4018 3 0 33
55.6 2.85436 5.41377 4027 3 0 42
55.7 2.86381 5.42024 4036 3 0 39
55.8 2.87328 5.42668 4044 3 0 39
55.9 2.88276 5.43311 4053 3 0 46
56 2.89224 5.43952 4062 3 0 39
56.1 2.90174 5.44592 4070 3 0 30
56.2 2.91125 5.45229 4079 3 0 26
56.3 2.92078 5.45866 4088 3 0 32
56.4 2.93031 5.465 4097 3 0 43
56.5 2.93985 5.47133 4105 3 0 35
56.6 2.94941 5.47764 4114 3 0 35
56.7 2.95897 5.48394 4123 3 0 31
56.8 2.96855 5.49022 4132 3 0 36
56.9 2.97814 5.49648 4140 3 0 25
57 2.98774 5.50273 4149 3 0 45
57.1 2.99735 5.50895 4158 3 0 33
57.2 3.00697 5.51517 4166 3 0 42
57.3 3.0166 5.52136 4175 3 0 23
57.4 3.02624 5.52754 4184 3 0 35
57.5 3.03589 5.5337 4193 3 0 49
57.6 3.04556 5.53984 4201 3 0 32
57.7 3.05523 5.54597 4210 3 0 45
57.8 3.06491 5.55208 4219 3 0 39
57.9 3.07461 5.55818 4227 3 0 31
58 3.08432 5.56425 4236 3 0 39
58.1 3.09403 5.57031 4245 3 0 41
58.2 3.10376 5.57636 4254 3 0 28
58.3 3.1135 5.58238 4262 3 0 38
58.4 3.12325 5.58839 4271 3 0 29
58.5 3.13301 5.59438 4280 3 0 31
58.6 3.14277 5.60036 4288 3 0 29
58.7 3.15255 5.60632 4297 3 0 36
58.8 3.16234 5.61226 4306 3 0 39
58.9 3.17214 5.61818 4315 3 0 31
59 3.18196 5.62409 4323 3 0 31
59.1 3.19178 5.62998 4332 3 0 44
59.2 3.20161 5.63585 4341 3 0 25
59.3 3.21145 5.6417 4349 3 0 25
59.4 3.2213 5.64754 4358 3 0 29
59.5 3.23116 5.65336 4367 3 0 30
59.6 3.24103 5.65917 4376 3 0 31
59.7 3.25092 5.66495 4384 3 0 27
59.8 3.26081 5.67072 4393 3 0 24
59.9 3.27071 5.67647 4402 3 0 21
60 3.28062 5.68221 4410 3 0 29
60.1 3.29055 5.68792 4419 3 0 34
60.2 3.30048 5.69362 4428 3 0 41
60.3 3.31042 5.69931 4437 3 0 44
60.4 3.32037 5.70497 4445 3 0 38
60.5 3.33033 5.71062 4454 3 0 22
60.6 3.34031 5.71625 4463 3 0 31
60.7 3.35029 5.72186 4471 3 0 30
60.8 3.36028 5.72746 4480 3 0 35
60.9 3.37028 5.73304 4489 3 0 29
61 3.38029 5.7386 4498 3 0 23
61.1 3.39031 5.74414 4506 3 0 36
61.2 3.40034 5.74966 4515 3 0 26
61.3 3.41038 5.75517 4524 3 0 28
61.4 3.42043 5.76066 4532 3 0 22
61.5 3.43049 5.76614 4541 3 0 30
61.6 3.44056 5.77159 4550 3 0 23
61.7 3.45064 5.77703 4559 3 0 33
61.8 3.46072 5.78245 4567 3 0 26
61.9 3.47082 5.78785 4576 3 0 29
62 3.48093 5.79324 4585 3 0 29
62.1 3.49104 5.7986 4593 3 0 31
62.2 3.50117 5.80395 4602 3 0 31
62.3 3.5113 5.80929 4611 3 0 37
62.4 3.52145 5.8146 4620 3 0 29
62.5 3.5316 5.8199 4628 3 0 30
62.6 3.54176 5.82518 4637 3 0 31
62.7 3.55193 5.83044 4646 3 0 33
62.8 3.56211 5.83568 4654 3 0 29
62.9 3.5723 5.84091 4663 3 0 31
63 3.5825 5.84611 4672 3 0 25
63.1 3.59271 5.8513 4681 3 0 38
63.2 3.60293 5.85648 4689 3 0 30
63.3 3.61315 5.86163 4698 3 0 24
63.4 3.62339 5.86677 4707 3 0 21
63.5 3.63363 5.87189 4715 3 0 22
63.6 3.64389 5.87699 4724 3 0 31
63.7 3.65415 5.88207 4733 3 0 23
63.8 3.66442 5.88713 4742 3 0 22
63.9 3.6747 5.89218 4750 3 0 24
64 3.68499 5.89721 4759 3 0 23
64.1 3.69528 5.90222 4768 3 0 36
64.2 3.70559 5.90721 4776 3 0 29
64.3 3.7159 5.91219 4785 3 0 37
64.4 3.72623 5.91715 4794 3 0 31
64.5 3.73656 5.92209 4803 3 0 26
64.6 3.7469 5.92701 4811 3 0 27
64.7 3.75725 5.93191 4820 3 0 35
64.8 3.7676 5.93679 4829 3 0 28
64.9 3.77797 5.94166 4838 3 0 39
65 3.78834 5.94651 4846 3 0 27
65.1 3.79873 5.95134 4855 3 0 21
65.2 3.80912 5.95615 4864 3 0 38
65.3 3.81952 5.96095 4872 3 0 21
65.4 3.82993 5.96572 4881 3 0 24
65.5 3.84034 5.97048 4890 3 0 38
65.6 3.85077 5.97522 4899 3 0 24
65.7 3.8612 5.97994 4907 3 0 25
65.8 3.87164 5.98465 4916 3 0 27
65.9 3.88209 5.98933 4925 3 0 23
66 3.89255 5.994 4933 3 0 37
66.1 3.90301 5.99865 4942 3 0 25
66.2 3.91349 6.00328 4951 3 0 32
66.3 3.92397 6.00789 4960 3 0 30
66.4 3.93446 6.01248 4968 3 0 34
66.5 3.94496 6.01706 4977 3 0 39
66.6 3.95546 6.02162 4986 3 0 60
66.7 3.96598 6.02615 4994 3 0 71
66.8 3.9765 6.03067 5003 3 0 85
66.9 3.98703 6.03518 5012 3 0 124
67 3.99756 6.03966 5021 3 0 202
67.1 4.00811 6.04413 5029 3 0 276
67.2 4.01866 6.04857 5038 3 0 401
67.3 4.02922 6.053 5047 3 0 398
67.4 4.03979 6.05741 5055 3 0 375
67.5 4.05037 6.0618 5064 3 0 271
67.6 4.06095 6.06618 5073 3 0 190
67.7 4.07154 6.07053 5082 3 0 131
67.8 4.08214 6.07487 5090 3 0 80
67.9 4.09275 6.07918 5099 3 0 65
68 4.10336 6.08348 5108 3 0 56
68.1 4.11398 6.08776 5116 3 0 32
68.2 4.12461 6.09203 5125 3 0 23
68.3 4.13525 6.09627 5134 3 0 36
68.4 4.14589 6.10049 5143 3 0 36
68.5 4.15654 6.1047 5151 3 0 28
68.6 4.1672 6.10889 5160 3 0 24
68.7 4.17787 6.11306 5169 3 0 22
68.8 4.18854 6.11721 5177 3 0 34
68.9 4.19922 6.12134 5186 3 0 27
69 4.20991 6.12545 5195 3 0 27
69.1 4.2206 6.12955 5204 3 0 28
69.2 4.2313 6.13362 5212 3 0 29
69.3 4.24201 6.13768 5221 3 0 29
69.4 4.25273 6.14172 5230 3 0 30
69.5 4.26345 6.14574 5238 3 0 21
69.6 4.27418 6.14974 5247 3 0 26
69.7 4.28492 6.15372 5256 3 0 33
69.8 4.29566 6.15768 5265 3 0 29
69.9 4.30641 6.16163 5273 3 0 25
70 4.31717 6.16556 5282 3 0 27
70.1 4.32793 6.16946 5291 3 0 34
70.2 4.3387 6.17335 5299 3 0 24
70.3 4.34948 6.17722 5308 3 0 23
70.4 4.36027 6.18107 5317 3 0 22
70.5 4.37106 6.1849 5326 3 0 17
70.6 4.38186 6.18872 5334 3 0 25
70.7 4.39266 6.19251 5343 3 0 29
70.8 4.40347 6.19629 5352 3 0 17
70.9 4.41429 6.20004 5360 3 0 30
71 4.42511 6.20378 5369 3 0 20
71.1 4.43595 6.2075 5378 3 0 30
71.2 4.44678 6.2112 5387 3 0 29
71.3 4.45763 6.21488 5395 3 0 23
71.4 4.46848 6.21854 5404 3 0 31
71.5 4.47933 6.22219 5413 3 0 24
71.6 4.4902 6.22581 5422 3 0 22
71.7 4.50107 6.22942 5430 3 0 31
71.8 4.51194 6.233 5439 3 0 23
71.9 4.52282 6.23657 5448 3 0 19
72 4.53371 6.24012 5456 3 0 21
72.1 4.5446 6.24365 5465 3 0 27
72.2 4.5555 6.24716 5474 3 0 29
72.3 4.56641 6.25065 5483 3 0 23
72.4 4.57732 6.25412 5491 3 0 23
72.5 4.58824 6.25757 5500 3 0 24
72.6 4.59917 6.26101 5509 3 0 27
72.7 4.6101 6.26442 5517 3 0 33
72.8 4.62103 6.26782 5526 3 0 36
72.9 4.63198 6.27119 5535 3 0 24
73 4.64292 6.27455 5544 3 0 16
73.1 4.65388 6.27789 5552 3 0 28
73.2 4.66484 6.28121 5561 3 0 36
73.3 4.6758 6.28451 5570 3 0 16
73.4 4.68678 6.28779 5578 3 0 28
73.5 4.69775 6.29105 5587 3 0 22
73.6 4.70874 6.2943 5596 3 0 31
73.7 4.71972 6.29752 5605 3 0 21
73.8 4.73072 6.30072 5613 3 0 15
73.9 4.74172 6.30391 5622 3 0 24
74 4.75272 6.30708 5631 3 0 24
74.1 4.76373 6.31022 5639 3 0 26
74.2 4.77475 6.31335 5648 3 0 27
74.3 4.78577 6.31646 5657 3 0 19
74.4 4.7968 6.31955 5666 3 0 23
74.5 4.80783 6.32262 5674 3 0 25
74.6 4.81887 6.32567 5683 3 0 27
74.7 4.82991 6.3287 5692 3 0 17
74.8 4.84096 6.33171 5700 3 0 23
74.9 4.85201 6.3347 5709 3 0 23
75 4.86307 6.33768 5718 3 0 21
75.1 4.87414 6.34063 5727 3 0 23
75.2 4.8852 6.34357 5735 3 0 14
75.3 4.89628 6.34648 5744 3 0 20
75.4 4.90736 6.34938 5753 3 0 18
75.5 4.91844 6.35226 5761 3 0 27
75.6 4.92953 6.35511 5770 3 0 19
75.7 4.94063 6.35795 5779 3 0 30
75.8 4.95172 6.36077 5788 3 0 25
75.9 4.96283 6.36357 5796 3 0 25
76 4.97394 6.36635 5805 3 0 25
76.1 4.98505 6.36911 5814 3 0 21
76.2 4.99617 6.37185 5822 3 0 21
76.3 5.00729 6.37457 5831 3 0 21
76.4 5.01842 6.37728 5840 3 0 22
76.5 5.02955 6.37996 5849 3 0 25
76.6 5.04069 6.38262 5857 3 0 23
76.7 5.05183 6.38527 5866 3 0 21
76.8 5.06298 6.38789 5875 3 0 18
76.9 5.07413 6.3905 5883 3 0 33
77 5.08529 6.39308 5892 3 0 25
77.1 5.09645 6.39565 5901 3 0 31
77.2 5.10761 6.3982 5910 3 0 21
77.3 5.11878 6.40072 5918 3 0 24
77.4 5.12996 6.40323 5927 3 0 26
77.5 5.14113 6.40572 5936 3 0 19
77.6 5.15232 6.40819 5945 3 0 36
77.7 5.1635 6.41064 5953 3 0 29
77.8 5.17469 6.41307 5962 3 0 24
77.9 5.18589 6.41548 5971 3 0 21
78 5.19709 6.41787 5979 3 0 20
78.1 5.20829 6.42024 5988 3 0 23
78.2 5.2195 6.42259 5997 3 0 21
78.3 5.23071 6.42492 6006 3 0 22
78.4 5.24193 6.42724 6014 3 0 27
78.5 5.25315 6.42953 6023 3 0 28
78.6 5.26437 6.4318 6032 3 0 23
78.7 5.2756 6.43406 6040 3 0 22
78.8 5.28683 6.43629 6049 3 0 32
78.9 5.29806 6.4385 6058 3 0 24
79 5.3093 6.4407 6067 3 0 28
79.1 5.32055 6.44287 6075 3 0 31
79.2 5.33179 6.44503 6084 3 0 25
79.3 5.34304 6.44717 6093 3 0 26
79.4 5.3543 6.44928 6101 3 0 29
79.5 5.36556 6.45138 6110 3 0 22
79.6 5.37682 6.45346 6119 3 0 27
79.7 5.38808 6.45551 6128 3 0 34
79.8 5.39935 6.45755 6136 3 0 20
79.9 5.41062 6.45957 6145 3 0 39
80 5.4219 6.46157 6154 3 0 37
80.1 5.43318 6.46355 6162 3 0 33
80.2 5.44446 6.46551 6171 3 0 27
80.3 5.45575 6.46744 6180 3 0 35
80.4 5.46704 6.46936 6189 3 0 39
80.5 5.47833 6.47126 6197 3 0 50
80.6 5.48963 6.47314 6206 3 0 52
80.7 5.50092 6.475 6215 3 0 76
80.8 5.51223 6.47685 6223 3 0 117
80.9 5.52353 6.47867 6232 3 0 175
81 5.53484 6.48047 6241 3 0 259
81.1 5.54615 6.48225 6250 3 0 373
81.2 5.55747 6.48401 6258 3 0 448
81.3 5.56879 6.48575 6267 3 0 513
81.4 5.58011 6.48748 6276 3 0 484
81.5 5.59143 6.48918 6284 3 0 451
81.6 5.60276 6.49086 6293 3 0 354
81.7 5.61409 6.49252 6302 3 0 238
81.8 5.62542 6.49417 6311 3 0 167
81.9 5.63676 6.49579 6319 3 0 112
82 5.6481 6.49739 6328 3 0 85
82.1 5.65944 6.49898 6337 3 0 54
82.2 5.67078 6.50054 6345 3 0 34
82.3 5.68213 6.50209 6354 3 0 38
82.4 5.69348 6.50361 6363 3 0 36
82.5 5.70483 6.50512 6372 3 0 22
82.6 5.71619 6.5066 6380 3 0 27
82.7 5.72755 6.50806 6389 3 0 27
82.8 5.73891 6.50951 6398 3 0 31
82.9 5.75027 6.51094 6406 3 0 35
83 5.76163 6.51234 6415 3 0 25
83.1 5.773 6.51373 6424 3 0 25
83.2 5.78437 6.51509 6433 3 0 21
83.3 5.79574 6.51644 6441 3 0 29
83.4 5.80712 6.51776 6450 3 0 25
83.5 5.81849 6.51907 6459 3 0 20
83.6 5.82987 6.52036 6467 3 0 25
83.7 5.84125 6.52162 6476 3 0 20
83.8 5.85264 6.52287 6485 3 0 24
83.9 5.86402 6.5241 6494 3 0 27
84 5.87541 6.5253 6502 3 0 22
84.1 5.8868 6.52649 6511 3 0 27
84.2 5.89819 6.52766 6520 3 0 21
84.3 5.90959 6.52881 6528 3 0 21
84.4 5.92098 6.52993 6537 3 0 27
84.5 5.93238 6.53104 6546 3 0 18
84.6 5.94378 6.53213 6555 3 0 21
84.7 5.95518 6.5332 6563 3 0 24
84.8 5.96658 6.53424 6572 3 0 25
84.9 5.97799 6.53527 6581 3 0 21
85 5.9894 6.53628 6590 3 0 20
85.1 6.00081 6.53727 6598 3 0 25
85.2 6.01222 6.53824 6607 3 0 34
85.3 6.02363 6.53918 6616 3 0 31
85.4 6.03504 6.54011 6624 3 0 45
85.5 6.04646 6.54102 6633 3 0 67
85.6 6.05787 6.54191 6642 3 0 99
85.7 6.06929 6.54278 6651 3 0 93
85.8 6.08071 6.54363 6659 3 0 140
85.9 6.09213 6.54446 6668 3 0 162
86 6.10356 6.54526 6677 3 0 167
86.1 6.11498 6.54605 6685 3 0 120
86.2 6.12641 6.54682 6694 3 0 96
86.3 6.13783 6.54757 6703 3 0 68
86.4 6.14926 6.5483 6712 3 0 43
86.5 6.16069 6.54901 6720 3 0 38
86.6 6.17212 6.5497 6729 3 0 26
86.7 6.18356 6.55037 6738 3 0 17
86.8 6.19499 6.55102 6746 3 0 30
86.9 6.20642 6.55165 6755 3 0 20
87 6.21786 6.55226 6764 3 0 18
87.1 6.22929 6.55284 6773 3 0 18
87.2 6.24073 6.55341 6781 3 0 20
87.3 6.25217 6.55396 6790 3 0 16
87.4 6.26361 6.55449 6799 3 0 21
87.5 6.27505 6.555 6807 3 0 25
87.6 6.28649 6.55549 6816 3 0 22
87.7 6.29793 6.55596 6825 3 0 23
87.8 6.30938 6.55641 6834 3 0 23
87.9 6.32082 6.55684 6842 3 0 20
88 6.33226 6.55725 6851 3 0 20
88.1 6.34371 6.55764 6860 3 0 19
88.2 6.35515 6.55801 6868 3 0 18
88.3 6.3666 6.55836 6877 3 0 18
88.4 6.37805 6.55869 6886 3 0 16
88.5 6.38949 6.559 6895 3 0 22
88.6 6.40094 6.55929 6903 3 0 12
88.7 6.41239 6.55956 6912 3 0 21
88.8 6.42384 6.55981 6921 3 0 18
88.9 6.43529 6.56004 6929 3 0 13
89 6.44674 6.56025 6938 3 0 16
89.1 6.45819 6.56044 6947 3 0 16
89.2 6.46964 6.56061 6956 3 0 16
89.3 6.48109 6.56076 6964 3 0 18
89.4 6.49254 6.56089 6973 3 0 21
89.5 6.50399 6.561 6982 3 0 32
89.6 6.51544 6.56109 6990 3 0 14
89.7 6.52689 6.56116 6999 3 0 22
89.8 6.53834 6.56121 7008 3 0 24
89.9 6.5498 6.56124 7017 3 0 17
90 6.56125 6.56125 7025 3 0 18
90.1 6.5727 6.56124 7034 3 0 17
90.2 6.58415 6.56121 7043 3 0 21
90.3 6.5956 6.56116 7051 3 0 19
90.4 6.60705 6.56109 7060 3 0 24
90.5 6.6185 6.561 7069 3 0 20
90.6 6.62996 6.56089 7078 3 0 24
90.7 6.64141 6.56076 7086 3 0 17
90.8 6.65286 6.56061 7095 3 0 18
90.9 6.66431 6.56044 7104 3 0 20
91 6.67576 6.56025 7113 3 0 21
91.1 6.68721 6.56004 7121 3 0 21
91.2 6.69866 6.55981 7130 3 0 17
91.3 6.7101 6.55956 7139 3 0 13
91.4 6.72155 6.55929 7147 3 0 26
91.5 6.733 6.559 7156 3 0 21
91.6 6.74445 6.55869 7165 3 0 15
91.7 6.75589 6.55836 7174 3 0 22
91.8 6.76734 6.55801 7182 3 0 16
91.9 6.77879 6.55764 7191 3 0 12
92 6.79023 6.55725 7200 3 0 22
92.1 6.80168 6.55684 7208 3 0 20
92.2 6.81312 6.55641 7217 3 0 15
92.3 6.82456 6.55596 7226 3 0 20
92.4 6.836 6.55549 7235 3 0 18
92.5 6.84744 6.555 7243 3 0 15
92.6 6.85889 6.55449 7252 3 0 12
92.7 6.87032 6.55396 7261 3 0 19
92.8 6.88176 6.55341 7269 3 0 19
92.9 6.8932 6.55284 7278 3 0 13
93 6.90464 6.55226 7287 3 0 21
93.1 6.91607 6.55165 7296 3 0 21
93.2 6.92751 6.55102 7304 3 0 21
93.3 6.93894 6.55037 7313 3 0 24
93.4 6.95037 6.5497 7322 3 0 17
93.5 6.9618 6.54901 7330 3 0 22
93.6 6.97323 6.5483 7339 3 0 14
93.7 6.98466 6.54757 7348 3 0 18
93.8 6.99609 6.54682 7357 3 0 15
93.9 7.00751 6.54605 7365 3 0 17
94 7.01894 6.54526 7374 3 0 22
94.1 7.03036 6.54446 7383 3 0 20
94.2 7.04178 6.54363 7391 3 0 10
94.3 7.0532 6.54278 7400 3 0 14
94.4 7.06462 6.54191 7409 3 0 19
94.5 7.07604 6.54102 7418 3 0 15
94.6 7.08745 6.54011 7426 3 0 16
94.7 7.09887 6.53918 7435 3 0 16
94.8 7.11028 6.53824 7444 3 0 20
94.9 7.12169 6.53727 7452 3 0 11
95 7.1331 6.53628 7461 3 0 20
95.1 7.1445 6.53527 7470 3 0 13
95.2 7.15591 6.53424 7479 3 0 13
95.3 7.16731 6.5332 7487 3 0 15
95.4 7.17872 6.53213 7496 3 0 14
95.5 7.19012 6.53104 7505 3 0 19
95.6 7.20151 6.52993 7513 3 0 11
95.7 7.21291 6.52881 7522 3 0 13
95.8 7.2243 6.52766 7531 3 0 18
95.9 7.23569 6.52649 7540 3 0 14
96 7.24708 6.5253 7548 3 0 18
96.1 7.25847 6.5241 7557 3 0 11
96.2 7.26986 6.52287 7566 3 0 16
96.3 7.28124 6.52162 7574 3 0 19
96.4 7.29262 6.52036 7583 3 0 16
96.5 7.304 6.51907 7592 3 0 22
96.6 7.31538 6.51776 7601 3 0 13
96.7 7.32675 6.51644 7609 3 0 8
96.8 7.33813 6.51509 7618 3 0 20
96.9 7.34949 6.51373 7627 3 0 18
97 7.36086 6.51234 7635 3 0 13
97.1 7.37223 6.51094 7644 3 0 21
97.2 7.38359 6.50951 7653 3 0 18
97.3 7.39495 6.50806 7662 3 0 10
97.4 7.40631 6.5066 7670 3 0 14
97.5 7.41766 6.50512 7679 3 0 12
97.6 7.42901 6.50361 7688 3 0 14
97.7 7.44036 6.50209 7697 3 0 13
97.8 7.45171 6.50054 7705 3 0 17
97.9 7.46306 6.49898 7714 3 0 15
98 7.4744 6.49739 7723 3 0 18
98.1 7.48574 6.49579 7731 3 0 16
98.2 7.49707 6.49417 7740 3 0 13
98.3 7.5084 6.49252 7749 3 0 14
98.4 7.51973 6.49086 7758 3 0 15
98.5 7.53106 6.48918 7766 3 0 15
98.6 7.54239 6.48748 7775 3 0 18
98.7 7.55371 6.48575 7784 3 0 21
98.8 7.56503 6.48401 7792 3 0 17
98.9 7.57634 6.48225 7801 3 0 13
99 7.58765 6.48047 7810 3 0 15
99.1 7.59896 6.47867 7819 3 0 16
99.2 7.61027 6.47685 7827 3 0 15
99.3 7.62157 6.475 7836 3 0 17
99.4 7.63287 6.47314 7845 3 0 18
99.5 7.64417 6.47126 7853 3 0 19
99.6 7.65546 6.46936 7862 3 0 14
99.7 7.66675 6.46744 7871 3 0 7
99.8 7.67803 6.46551 7880 3 0 16
99.9 7.68932 6.46355 7888 3 0 20
100 7.7006 6.46157 7897 3 0 15
100.1 7.71187 6.45957 7906 3 0 19
100.2 7.72314 6.45755 7915 3 0 11
100.3 7.73441 6.45551 7923 3 0 17
100.4 7.74568 6.45346 7932 3 0 14
100.5 7.75694 6.45138 7941 3 0 13
100.6 7.7682 6.44928 7949 3 0 8
100.7 7.77945 6.44717 7958 3 0 20
100.8 7.7907 6.44503 7967 3 0 11
100.9 7.80195 6.44287 7976 3 0 7
101 7.81319 6.4407 7984 3 0 12
101.1 7.82443 6.4385 7993 3 0 17
101.2 7.83567 6.43629 8002 3 0 10
101.3 7.8469 6.43406 8010 3 0 17
101.4 7.85813 6.4318 8019 3 0 16
101.5 7.86935 6.42953 8028 3 0 22
101.6 7.88057 6.42724 8037 3 0 23
101.7 7.89179 6.42492 8045 3 0 14
101.8 7.903 6.42259 8054 3 0 20
101.9 7.9142 6.42024 8063 3 0 12
102 7.92541 6.41787 8071 3 0 16
102.1 7.93661 6.41548 8080 3 0 17
102.2 7.9478 6.41307 8089 3 0 10
102.3 7.95899 6.41064 8098 3 0 20
102.4 7.97018 6.40819 8106 3 0 20
102.5 7.98136 6.40572 8115 3 0 16
102.6 7.99254 6.40323 8124 3 0 9
102.7 8.00371 6.40072 8132 3 0 23
102.8 8.01488 6.3982 8141 3 0 22
102.9 8.02605 6.39565 8150 3 0 23
103 8.03721 6.39308 8159 3 0 24
103.1 8.04836 6.3905 8167 3 0 26
103.2 8.05951 6.38789 8176 3 0 38
103.3 8.07066 6.38527 8185 3 0 39
103.4 8.0818 6.38262 8194 3 0 38
103.5 8.09294 6.37996 8202 3 0 41
103.6 8.10407 6.37728 8211 3 0 60
103.7 8.1152 6.37457 8220 3 0 77
103.8 8.12632 6.37185 8228 3 0 85
103.9 8.13744 6.36911 8237 3 0 75
104 8.14856 6.36635 8246 3 0 99
104.1 8.15967 6.36357 8255 3 0 95
104.2 8.17077 6.36077 8263 3 0 90
104.3 8.18187 6.35795 8272 3 0 78
104.4 8.19296 6.35511 8281 3 0 63
104.5 8.20405 6.35226 8289 3 0 52
104.6 8.21514 6.34938 8298 3 0 46
104.7 8.22622 6.34648 8307 3 0 47
104.8 8.23729 6.34357 8316 3 0 31
104.9 8.24836 6.34063 8324 3 0 20
105 8.25942 6.33768 8333 3 0 33
105.1 8.27048 6.3347 8342 3 0 28
105.2 8.28154 6.33171 8350 3 0 15
105.3 8.29258 6.3287 8359 3 0 22
105.4 8.30363 6.32567 8368 3 0 29
105.5 8.31466 6.32262 8377 3 0 16
105.6 8.3257 6.31955 8385 3 0 16
105.7 8.33672 6.31646 8394 3 0 28
105.8 8.34775 6.31335 8403 3 0 16
105.9 8.35876 6.31022 8411 3 0 21
106 8.36977 6.30708 8420 3 0 14
106.1 8.38078 6.30391 8429 3 0 20
106.2 8.39178 6.30072 8438 3 0 27
106.3 8.40277 6.29752 8446 3 0 17
106.4 8.41376 6.2943 8455 3 0 22
106.5 8.42474 6.29105 8464 3 0 24
106.6 8.43572 6.28779 8473 3 0 19
106.7 8.44669 6.28451 8481 3 0 20
106.8 8.45766 6.28121 8490 3 0 19
106.9 8.46862 6.27789 8499 3 0 24
107 8.47957 6.27455 8507 3 0 17
107.1 8.49052 6.27119 8516 3 0 18
107.2 8.50146 6.26782 8525 3 0 14
107.3 8.5124 6.26442 8534 3 0 18
107.4 8.52333 6.26101 8542 3 0 12
107.5 8.53425 6.25757 8551 3 0 15
107.6 8.54517 6.25412 8560 3 0 13
107.7 8.55608 6.25065 8568 3 0 15
107.8 8.56699 6.24716 8577 3 0 24
107.9 8.57789 6.24365 8586 3 0 17
108 8.58878 6.24012 8595 3 0 18
108.1 8.59967 6.23657 8603 3 0 18
108.2 8.61055 6.233 8612 3 0 15
108.3 8.62143 6.22942 8621 3 0 17
108.4 8.6323 6.22581 8629 3 0 11
108.5 8.64316 6.22219 8638 3 0 19
108.6 8.65402 6.21854 8647 3 0 18
108.7 8.66487 6.21488 8656 3 0 17
108.8 8.67571 6.2112 8664 3 0 23
108.9 8.68655 6.2075 8673 3 0 17
109 8.69738 6.20378 8682 3 0 11
109.1 8.7082 6.20004 8690 3 0 18
109.2 8.71902 6.19629 8699 3 0 17
109.3 8.72983 6.19251 8708 3 0 17
109.4 8.74064 6.18872 8717 3 0 20
109.5 8.75144 6.1849 8725 3 0 17
109.6 8.76223 6.18107 8734 3 0 21
109.7 8.77301 6.17722 8743 3 0 11
109.8 8.78379 6.17335 8751 3 0 20
109.9 8.79456 6.16946 8760 3 0 20
110 8.80533 6.16556 8769 3 0 11
110.1 8.81608 6.16163 8778 3 0 14
110.2 8.82683 6.15768 8786 3 0 19
110.3 8.83758 6.15372 8795 3 0 15
110.4 8.84831 6.14974 8804 3 0 12
110.5 8.85904 6.14574 8813 3 0 22
110.6 8.86977 6.14172 8821 3 0 13
110.7 8.88048 6.13768 8830 3 0 14
110.8 8.89119 6.13362 8839 3 0 16
110.9 8.90189 6.12955 8847 3 0 20
111 8.91259 6.12545 8856 3 0 14
111.1 8.92328 6.12134 8865 3 0 14
111.2 8.93396 6.11721 8874 3 0 12
111.3 8.94463 6.11306 8882 3 0 27
111.4 8.95529 6.10889 8891 3 0 11
111.5 8.96595 6.1047 8900 3 0 20
111.6 8.9766 6.10049 8908 3 0 13
111.7 8.98725 6.09627 8917 3 0 18
111.8 8.99788 6.09203 8926 3 0 19
111.9 9.00851 6.08776 8935 3 0 18
112 9.01913 6.08348 8943 3 0 14
112.1 9.02975 6.07918 8952 3 0 23
112.2 9.04035 6.07487 8961 3 0 20
112.3 9.05095 6.07053 8969 3 0 19
112.4 9.06154 6.06618 8978 3 0 14
112.5 9.07213 6.0618 8987 3 0 33
112.6 9.0827 6.05741 8996 3 0 20
112.7 9.09327 6.053 9004 3 0 14
112.8 9.10383 6.04857 9013 3 0 16
112.9 9.11439 6.04413 9022 3 0 17
113 9.12493 6.03966 9030 3 0 19
113.1 9.13547 6.03518 9039 3 0 18
113.2 9.146 6.03067 9048 3 0 18
113.3 9.15652 6.02615 9057 3 0 16
113.4 9.16703 6.02162 9065 3 0 27
113.5 9.17754 6.01706 9074 3 0 13
113.6 9.18804 6.01248 9083 3 0 15
113.7 9.19853 6.00789 9092 3 0 19
113.8 9.20901 6.00328 9100 3 0 20
113.9 9.21948 5.99865 9109 3 0 23
114 9.22995 5.994 9118 3 0 15
114.1 9.2404 5.98933 9126 3 0 17
114.2 9.25085 5.98465 9135 3 0 14
114.3 9.26129 5.97994 9144 3 0 20
114.4 9.27173 5.97522 9153 3 0 27
114.5 9.28215 5.97048 9161 3 0 27
114.6 9.29257 5.96572 9170 3 0 12
114.7 9.30298 5.96095 9179 3 0 18
114.8 9.31338 5.95615 9187 3 0 26
114.9 9.32377 5.95134 9196 3 0 23
115 9.33415 5.94651 9205 3 0 25
115.1 9.34452 5.94166 9214 3 0 25
115.2 9.35489 5.93679 9222 3 0 22
115.3 9.36525 5.93191 9231 3 0 16
115.4 9.3756 5.92701 9240 3 0 28
115.5 9.38594 5.92209 9248 3 0 20
115.6 9.39627 5.91715 9257 3 0 16
115.7 9.40659 5.91219 9266 3 0 36
115.8 9.41691 5.90721 9275 3 0 29
115.9 9.42721 5.90222 9283 3 0 29
116 9.43751 5.89721 9292 3 0 29
116.1 9.4478 5.89218 9301 3 0 32
116.2 9.45808 5.88713 9309 3 0 33
116.3 9.46835 5.88207 9318 3 0 35
116.4 9.47861 5.87699 9327 3 0 21
116.5 9.48886 5.87189 9336 3 0 29
116.6 9.49911 5.86677 9344 3 0 32
116.7 9.50934 5.86163 9353 3 0 34
116.8 9.51957 5.85648 9362 3 0 34
116.9 9.52978 5.8513 9371 3 0 24
117 9.53999 5.84611 9379 3 0 33
117.1 9.55019 5.84091 9388 3 0 28
117.2 9.56038 5.83568 9397 3 0 48
117.3 9.57056 5.83044 9405 3 0 47
117.4 9.58073 5.82518 9414 3 0 51
117.5 9.59089 5.8199 9423 3 0 50
117.6 9.60105 5.8146 9432 3 0 53
117.7 9.61119 5.80929 9440 3 0 55
117.8 9.62133 5.80395 9449 3 0 71
117.9 9.63145 5.7986 9458 3 0 89
118 9.64157 5.79324 9466 3 0 99
118.1 9.65167 5.78785 9475 3 0 143
118.2 9.66177 5.78245 9484 3 0 174
118.3 9.67186 5.77703 9493 3 0 240
118.4 9.68194 5.77159 9501 3 0 294
118.5 9.692 5.76614 9510 3 0 332
118.6 9.70206 5.76066 9519 3 0 359
118.7 9.71211 5.75517 9527 3 0 346
118.8 9.72215 5.74966 9536 3 0 287
118.9 9.73218 5.74414 9545 3 0 271
119 9.7422 5.7386 9554 3 0 233
119.1 9.75221 5.73304 9562 3 0 191
119.2 9.76222 5.72746 9571 3 0 133
119.3 9.77221 5.72186 9580 3 0 97
119.4 9.78219 5.71625 9588 3 0 86
119.5 9.79216 5.71062 9597 3 0 93
119.6 9.80212 5.70497 9606 3 0 57
119.7 9.81207 5.69931 9615 3 0 47
119.8 9.82202 5.69362 9623 3 0 43
119.9 9.83195 5.68792 9632 3 0 49
120 9.84187 5.68221 9641 3 0 42
