#F testsept19
#E 1663622282
#D Mon Sep 19 17:18:02 2022
#C Expt2  User = user
#O0 Two Theta     Theta  

#S 1  ascan  tth 10 120  1100 3
#D Mon Sep 19 17:18:39 2022
#T 3  (Seconds)
#G0 0
#G1 10.116 10.116 90 0.6211136128 0.6211136128 90 1 0 60 30 0
#G3 0.6211136128 3.803098383e-17 0 0.6211136128
#G4 9.841871084 5.68220692 0 1.54178
#Q 9.84187 5.68221
#P0 120 90 
#N 7
#L Two Theta  H  K  Epoch  Seconds  Monitor  Detector
10 0.0996801 1.13935 67 3 0 590
10.1 0.101678 1.15062 76 3 0 589
10.2 0.103697 1.1619 85 3 0 605
10.3 0.105734 1.17317 94 3 0 600
10.4 0.107792 1.18443 102 3 0 614
10.5 0.109869 1.19569 111 3 0 588
10.6 0.111965 1.20695 120 3 0 617
10.7 0.114082 1.2182 128 3 0 608
10.8 0.116218 1.22946 137 3 0 558
10.9 0.118373 1.2407 146 3 0 608
11 0.120549 1.25195 155 3 0 588
11.1 0.122743 1.26318 163 3 0 554
11.2 0.124958 1.27442 172 3 0 574
11.3 0.127192 1.28565 181 3 0 608
11.4 0.129446 1.29688 189 3 0 568
11.5 0.131719 1.3081 198 3 0 562
11.6 0.134012 1.31932 207 3 0 594
11.7 0.136324 1.33054 215 3 0 554
11.8 0.138656 1.34175 224 3 0 602
11.9 0.141008 1.35296 233 3 0 526
12 0.143379 1.36416 241 3 0 554
12.1 0.14577 1.37536 250 3 0 514
12.2 0.14818 1.38655 259 3 0 569
12.3 0.15061 1.39775 268 3 0 547
12.4 0.153059 1.40893 276 3 0 500
12.5 0.155528 1.42011 285 3 0 544
12.6 0.158016 1.43129 294 3 0 511
12.7 0.160524 1.44247 302 3 0 573
12.8 0.163051 1.45363 311 3 0 560
12.9 0.165598 1.4648 320 3 0 524
13 0.168164 1.47596 328 3 0 554
13.1 0.17075 1.48712 337 3 0 555
13.2 0.173355 1.49827 346 3 0 505
13.3 0.17598 1.50941 355 3 0 534
13.4 0.178624 1.52056 363 3 0 579
13.5 0.181288 1.53169 372 3 0 505
13.6 0.183971 1.54283 381 3 0 566
13.7 0.186673 1.55395 389 3 0 494
13.8 0.189395 1.56508 398 3 0 515
13.9 0.192136 1.5762 407 3 0 510
14 0.194897 1.58731 415 3 0 514
14.1 0.197677 1.59842 424 3 0 498
14.2 0.200477 1.60952 433 3 0 525
14.3 0.203295 1.62062 442 3 0 515
14.4 0.206134 1.63172 450 3 0 492
14.5 0.208991 1.64281 459 3 0 499
14.6 0.211868 1.65389 468 3 0 495
14.7 0.214764 1.66497 476 3 0 463
14.8 0.21768 1.67604 485 3 0 480
14.9 0.220615 1.68711 494 3 0 496
15 0.223569 1.69818 502 3 0 492
15.1 0.226543 1.70923 511 3 0 499
15.2 0.229535 1.72029 520 3 0 477
15.3 0.232548 1.73134 528 3 0 460
15.4 0.235579 1.74238 537 3 0 469
15.5 0.23863 1.75342 546 3 0 447
15.6 0.2417 1.76445 555 3 0 484
15.7 0.244789 1.77548 563 3 0 527
15.8 0.247897 1.7865 572 3 0 469
15.9 0.251025 1.79751 581 3 0 468
16 0.254172 1.80852 589 3 0 446
16.1 0.257338 1.81953 598 3 0 440
16.2 0.260523 1.83053 607 3 0 441
16.3 0.263727 1.84152 615 3 0 460
16.4 0.266951 1.85251 624 3 0 477
16.5 0.270194 1.86349 633 3 0 494
16.6 0.273456 1.87447 642 3 0 446
16.7 0.276737 1.88544 650 3 0 432
16.8 0.280037 1.89641 659 3 0 455
16.9 0.283357 1.90737 668 3 0 474
17 0.286695 1.91832 676 3 0 444
17.1 0.290053 1.92927 685 3 0 431
17.2 0.29343 1.94021 694 3 0 475
17.3 0.296826 1.95115 702 3 0 442
17.4 0.300241 1.96208 711 3 0 449
17.5 0.303675 1.97301 720 3 0 459
17.6 0.307128 1.98392 729 3 0 450
17.7 0.3106 1.99484 737 3 0 482
17.8 0.314091 2.00574 746 3 0 455
17.9 0.317601 2.01664 755 3 0 463
18 0.32113 2.02754 763 3 0 447
18.1 0.324679 2.03842 772 3 0 436
18.2 0.328246 2.04931 781 3 0 457
18.3 0.331832 2.06018 789 3 0 424
18.4 0.335437 2.07105 798 3 0 455
18.5 0.339061 2.08191 807 3 0 421
18.6 0.342704 2.09277 815 3 0 438
18.7 0.346366 2.10362 824 3 0 421
18.8 0.350047 2.11446 833 3 0 369
18.9 0.353747 2.1253 842 3 0 425
19 0.357466 2.13613 850 3 0 445
19.1 0.361204 2.14696 859 3 0 412
19.2 0.36496 2.15778 868 3 0 426
19.3 0.368736 2.16859 876 3 0 426
19.4 0.37253 2.17939 885 3 0 406
19.5 0.376343 2.19019 894 3 0 400
19.6 0.380175 2.20098 902 3 0 406
19.7 0.384026 2.21177 911 3 0 411
19.8 0.387896 2.22254 920 3 0 415
19.9 0.391784 2.23331 929 3 0 407
20 0.395692 2.24408 937 3 0 405
20.1 0.399618 2.25484 946 3 0 391
20.2 0.403562 2.26559 955 3 0 392
20.3 0.407526 2.27633 963 3 0 395
20.4 0.411508 2.28707 972 3 0 427
20.5 0.415509 2.2978 981 3 0 393
20.6 0.419529 2.30852 989 3 0 349
20.7 0.423568 2.31924 998 3 0 379
20.8 0.427625 2.32994 1007 3 0 421
20.9 0.431701 2.34065 1016 3 0 384
21 0.435795 2.35134 1024 3 0 401
21.1 0.439908 2.36203 1033 3 0 393
21.2 0.44404 2.37271 1042 3 0 383
21.3 0.448191 2.38338 1050 3 0 392
21.4 0.45236 2.39405 1059 3 0 420
21.5 0.456548 2.40471 1068 3 0 397
21.6 0.460754 2.41536 1076 3 0 399
21.7 0.464979 2.426 1085 3 0 412
21.8 0.469222 2.43664 1094 3 0 365
21.9 0.473484 2.44727 1103 3 0 408
22 0.477765 2.45789 1111 3 0 367
22.1 0.482064 2.4685 1120 3 0 365
22.2 0.486381 2.47911 1129 3 0 376
22.3 0.490718 2.48971 1137 3 0 352
22.4 0.495072 2.5003 1146 3 0 372
22.5 0.499445 2.51088 1155 3 0 360
22.6 0.503837 2.52146 1163 3 0 340
22.7 0.508247 2.53203 1172 3 0 386
22.8 0.512675 2.54259 1181 3 0 371
22.9 0.517122 2.55314 1190 3 0 336
23 0.521587 2.56368 1198 3 0 376
23.1 0.526071 2.57422 1207 3 0 360
23.2 0.530573 2.58475 1216 3 0 361
23.3 0.535093 2.59527 1224 3 0 389
23.4 0.539632 2.60579 1233 3 0 335
23.5 0.544189 2.61629 1242 3 0 351
23.6 0.548765 2.62679 1250 3 0 332
23.7 0.553359 2.63728 1259 3 0 386
23.8 0.557971 2.64776 1268 3 0 323
23.9 0.562601 2.65823 1276 3 0 317
24 0.56725 2.6687 1285 3 0 296
24.1 0.571917 2.67916 1294 3 0 343
24.2 0.576602 2.68961 1303 3 0 324
24.3 0.581305 2.70005 1311 3 0 350
24.4 0.586027 2.71048 1320 3 0 346
24.5 0.590766 2.7209 1329 3 0 369
24.6 0.595524 2.73132 1337 3 0 329
24.7 0.6003 2.74173 1346 3 0 360
24.8 0.605095 2.75213 1355 3 0 313
24.9 0.609907 2.76252 1363 3 0 302
25 0.614738 2.7729 1372 3 0 291
25.1 0.619586 2.78328 1381 3 0 320
25.2 0.624453 2.79364 1390 3 0 305
25.3 0.629338 2.804 1398 3 0 312
25.4 0.634241 2.81435 1407 3 0 281
25.5 0.639162 2.82469 1416 3 0 289
25.6 0.644101 2.83502 1424 3 0 315
25.7 0.649058 2.84534 1433 3 0 330
25.8 0.654033 2.85566 1442 3 0 328
25.9 0.659026 2.86596 1451 3 0 325
26 0.664037 2.87626 1459 3 0 267
26.1 0.669066 2.88655 1468 3 0 270
26.2 0.674113 2.89683 1477 3 0 281
26.3 0.679178 2.9071 1485 3 0 320
26.4 0.684261 2.91736 1494 3 0 283
26.5 0.689362 2.92761 1503 3 0 306
26.6 0.69448 2.93786 1512 3 0 267
26.7 0.699617 2.94809 1520 3 0 297
26.8 0.704771 2.95832 1529 3 0 264
26.9 0.709943 2.96854 1538 3 0 295
27 0.715133 2.97874 1546 3 0 266
27.1 0.720341 2.98894 1555 3 0 265
27.2 0.725567 2.99913 1564 3 0 270
27.3 0.73081 3.00931 1573 3 0 260
27.4 0.736071 3.01948 1581 3 0 299
27.5 0.74135 3.02965 1590 3 0 280
27.6 0.746646 3.0398 1599 3 0 270
27.7 0.751961 3.04994 1607 3 0 276
27.8 0.757293 3.06008 1616 3 0 230
27.9 0.762642 3.0702 1625 3 0 286
28 0.76801 3.08032 1634 3 0 245
28.1 0.773395 3.09043 1642 3 0 262
28.2 0.778797 3.10052 1651 3 0 272
28.3 0.784218 3.11061 1660 3 0 261
28.4 0.789655 3.12069 1668 3 0 274
28.5 0.795111 3.13076 1677 3 0 295
28.6 0.800584 3.14082 1686 3 0 276
28.7 0.806074 3.15087 1695 3 0 246
28.8 0.811582 3.16091 1703 3 0 292
28.9 0.817108 3.17094 1712 3 0 266
29 0.822651 3.18096 1721 3 0 253
29.1 0.828212 3.19097 1730 3 0 290
29.2 0.83379 3.20097 1738 3 0 248
29.3 0.839385 3.21096 1747 3 0 245
29.4 0.844998 3.22094 1756 3 0 233
29.5 0.850628 3.23091 1764 3 0 257
29.6 0.856276 3.24087 1773 3 0 233
29.7 0.861941 3.25083 1782 3 0 229
29.8 0.867624 3.26077 1791 3 0 213
29.9 0.873323 3.2707 1799 3 0 231
30 0.87904 3.28062 1808 3 0 232
30.1 0.884775 3.29054 1817 3 0 268
30.2 0.890527 3.30044 1825 3 0 218
30.3 0.896296 3.31033 1834 3 0 207
30.4 0.902082 3.32021 1843 3 0 237
30.5 0.907885 3.33008 1852 3 0 200
30.6 0.913706 3.33995 1860 3 0 222
30.7 0.919544 3.3498 1869 3 0 200
30.8 0.925399 3.35964 1878 3 0 207
30.9 0.931271 3.36947 1886 3 0 223
31 0.937161 3.37929 1895 3 0 196
31.1 0.943067 3.3891 1904 3 0 193
31.2 0.948991 3.3989 1913 3 0 209
31.3 0.954932 3.40869 1921 3 0 225
31.4 0.960889 3.41847 1930 3 0 209
31.5 0.966864 3.42824 1939 3 0 208
31.6 0.972856 3.438 1947 3 0 200
31.7 0.978865 3.44775 1956 3 0 218
31.8 0.984891 3.45749 1965 3 0 207
31.9 0.990934 3.46721 1974 3 0 211
32 0.996994 3.47693 1982 3 0 189
32.1 1.00307 3.48664 1991 3 0 190
32.2 1.00916 3.49633 2000 3 0 196
32.3 1.01528 3.50602 2008 3 0 195
32.4 1.0214 3.51569 2017 3 0 205
32.5 1.02755 3.52536 2026 3 0 205
32.6 1.03371 3.53501 2035 3 0 162
32.7 1.03989 3.54465 2043 3 0 173
32.8 1.04608 3.55428 2052 3 0 195
32.9 1.05229 3.5639 2061 3 0 195
33 1.05852 3.57351 2069 3 0 207
33.1 1.06477 3.58311 2078 3 0 182
33.2 1.07103 3.5927 2087 3 0 174
33.3 1.07731 3.60227 2096 3 0 186
33.4 1.0836 3.61184 2104 3 0 159
33.5 1.08992 3.6214 2113 3 0 189
33.6 1.09625 3.63094 2122 3 0 186
33.7 1.10259 3.64047 2130 3 0 180
33.8 1.10895 3.64999 2139 3 0 178
33.9 1.11533 3.6595 2148 3 0 185
34 1.12173 3.669 2157 3 0 174
34.1 1.12814 3.67849 2165 3 0 185
34.2 1.13457 3.68797 2174 3 0 205
34.3 1.14101 3.69743 2183 3 0 164
34.4 1.14747 3.70689 2191 3 0 181
34.5 1.15395 3.71633 2200 3 0 182
34.6 1.16045 3.72576 2209 3 0 158
34.7 1.16696 3.73518 2218 3 0 159
34.8 1.17348 3.74459 2226 3 0 179
34.9 1.18003 3.75399 2235 3 0 173
35 1.18659 3.76338 2244 3 0 172
35.1 1.19316 3.77275 2252 3 0 206
35.2 1.19976 3.78212 2261 3 0 222
35.3 1.20637 3.79147 2270 3 0 307
35.4 1.21299 3.80081 2279 3 0 376
35.5 1.21963 3.81014 2287 3 0 540
35.6 1.22629 3.81945 2296 3 0 718
35.7 1.23297 3.82876 2305 3 0 801
35.8 1.23966 3.83805 2313 3 0 782
35.9 1.24636 3.84733 2322 3 0 730
36 1.25309 3.8566 2331 3 0 495
36.1 1.25983 3.86586 2340 3 0 337
36.2 1.26658 3.87511 2348 3 0 252
36.3 1.27335 3.88434 2357 3 0 161
36.4 1.28014 3.89357 2366 3 0 158
36.5 1.28694 3.90278 2374 3 0 166
36.6 1.29376 3.91198 2383 3 0 146
36.7 1.3006 3.92117 2392 3 0 149
36.8 1.30745 3.93034 2401 3 0 143
36.9 1.31432 3.93951 2409 3 0 138
37 1.3212 3.94866 2418 3 0 142
37.1 1.3281 3.9578 2427 3 0 155
37.2 1.33502 3.96692 2435 3 0 143
37.3 1.34195 3.97604 2444 3 0 125
37.4 1.3489 3.98514 2453 3 0 167
37.5 1.35586 3.99423 2462 3 0 137
37.6 1.36284 4.00331 2470 3 0 131
37.7 1.36983 4.01238 2479 3 0 133
37.8 1.37684 4.02143 2488 3 0 147
37.9 1.38387 4.03048 2496 3 0 145
38 1.39091 4.03951 2505 3 0 134
38.1 1.39797 4.04853 2514 3 0 136
38.2 1.40505 4.05753 2523 3 0 101
38.3 1.41214 4.06652 2531 3 0 141
38.4 1.41924 4.0755 2540 3 0 138
38.5 1.42636 4.08447 2549 3 0 140
38.6 1.4335 4.09343 2557 3 0 129
38.7 1.44065 4.10237 2566 3 0 145
38.8 1.44782 4.1113 2575 3 0 124
38.9 1.455 4.12022 2584 3 0 123
39 1.4622 4.12913 2592 3 0 115
39.1 1.46941 4.13802 2601 3 0 122
39.2 1.47664 4.1469 2610 3 0 99
39.3 1.48389 4.15577 2618 3 0 127
39.4 1.49115 4.16462 2627 3 0 117
39.5 1.49843 4.17347 2636 3 0 124
39.6 1.50572 4.1823 2645 3 0 130
39.7 1.51303 4.19111 2653 3 0 133
39.8 1.52035 4.19992 2662 3 0 111
39.9 1.52769 4.20871 2671 3 0 138
40 1.53504 4.21749 2679 3 0 129
40.1 1.54241 4.22625 2688 3 0 137
40.2 1.54979 4.23501 2697 3 0 113
40.3 1.55719 4.24375 2706 3 0 136
40.4 1.56461 4.25248 2714 3 0 111
40.5 1.57204 4.26119 2723 3 0 129
40.6 1.57948 4.26989 2732 3 0 122
40.7 1.58694 4.27858 2740 3 0 118
40.8 1.59442 4.28725 2749 3 0 139
40.9 1.60191 4.29592 2758 3 0 137
41 1.60941 4.30457 2767 3 0 139
41.1 1.61693 4.3132 2775 3 0 141
41.2 1.62447 4.32182 2784 3 0 156
41.3 1.63202 4.33043 2793 3 0 176
41.4 1.63958 4.33903 2801 3 0 243
41.5 1.64716 4.34761 2810 3 0 391
41.6 1.65476 4.35618 2819 3 0 512
41.7 1.66237 4.36474 2828 3 0 682
41.8 1.66999 4.37328 2836 3 0 584
41.9 1.67764 4.38181 2845 3 0 508
42 1.68529 4.39033 2854 3 0 300
42.1 1.69296 4.39883 2862 3 0 165
42.2 1.70065 4.40732 2871 3 0 135
42.3 1.70834 4.4158 2880 3 0 121
42.4 1.71606 4.42426 2889 3 0 129
42.5 1.72379 4.43271 2897 3 0 126
42.6 1.73153 4.44115 2906 3 0 139
42.7 1.73929 4.44957 2915 3 0 165
42.8 1.74706 4.45798 2923 3 0 138
42.9 1.75485 4.46638 2932 3 0 131
43 1.76265 4.47476 2941 3 0 123
43.1 1.77047 4.48313 2950 3 0 144
43.2 1.7783 4.49148 2958 3 0 109
43.3 1.78615 4.49982 2967 3 0 120
43.4 1.79401 4.50815 2976 3 0 84
43.5 1.80189 4.51646 2984 3 0 103
43.6 1.80978 4.52476 2993 3 0 103
43.7 1.81768 4.53305 3002 3 0 118
43.8 1.8256 4.54132 3011 3 0 110
43.9 1.83353 4.54958 3019 3 0 94
44 1.84148 4.55783 3028 3 0 111
44.1 1.84944 4.56606 3037 3 0 94
44.2 1.85742 4.57427 3045 3 0 116
44.3 1.86541 4.58248 3054 3 0 105
44.4 1.87342 4.59066 3063 3 0 103
44.5 1.88143 4.59884 3072 3 0 105
44.6 1.88947 4.607 3080 3 0 106
44.7 1.89752 4.61515 3089 3 0 105
44.8 1.90558 4.62328 3098 3 0 105
44.9 1.91365 4.6314 3106 3 0 105
45 1.92174 4.6395 3115 3 0 103
45.1 1.92985 4.64759 3124 3 0 115
45.2 1.93797 4.65567 3133 3 0 104
45.3 1.9461 4.66373 3141 3 0 95
45.4 1.95425 4.67178 3150 3 0 100
45.5 1.96241 4.67981 3159 3 0 105
45.6 1.97058 4.68783 3167 3 0 102
45.7 1.97877 4.69584 3176 3 0 106
45.8 1.98697 4.70383 3185 3 0 112
45.9 1.99519 4.7118 3194 3 0 113
46 2.00342 4.71977 3202 3 0 94
46.1 2.01167 4.72771 3211 3 0 110
46.2 2.01992 4.73565 3220 3 0 98
46.3 2.0282 4.74357 3228 3 0 87
46.4 2.03648 4.75147 3237 3 0 89
46.5 2.04478 4.75936 3246 3 0 106
46.6 2.0531 4.76724 3255 3 0 120
46.7 2.06142 4.7751 3263 3 0 98
46.8 2.06976 4.78294 3272 3 0 82
46.9 2.07812 4.79078 3281 3 0 92
47 2.08649 4.79859 3289 3 0 115
47.1 2.09487 4.8064 3298 3 0 84
47.2 2.10326 4.81418 3307 3 0 106
47.3 2.11167 4.82196 3316 3 0 104
47.4 2.1201 4.82972 3324 3 0 99
47.5 2.12853 4.83746 3333 3 0 101
47.6 2.13698 4.84519 3342 3 0 85
47.7 2.14545 4.8529 3351 3 0 86
47.8 2.15392 4.8606 3359 3 0 108
47.9 2.16241 4.86829 3368 3 0 82
48 2.17092 4.87596 3377 3 0 87
48.1 2.17943 4.88361 3385 3 0 97
48.2 2.18796 4.89125 3394 3 0 114
48.3 2.19651 4.89888 3403 3 0 86
48.4 2.20506 4.90649 3411 3 0 114
48.5 2.21363 4.91408 3420 3 0 93
48.6 2.22222 4.92166 3429 3 0 98
48.7 2.23081 4.92923 3438 3 0 82
48.8 2.23942 4.93678 3446 3 0 88
48.9 2.24805 4.94432 3455 3 0 85
49 2.25668 4.95184 3464 3 0 90
49.1 2.26533 4.95934 3473 3 0 93
49.2 2.27399 4.96683 3481 3 0 82
49.3 2.28267 4.97431 3490 3 0 78
49.4 2.29136 4.98177 3499 3 0 75
49.5 2.30006 4.98921 3507 3 0 108
49.6 2.30877 4.99664 3516 3 0 78
49.7 2.3175 5.00406 3525 3 0 107
49.8 2.32624 5.01145 3534 3 0 107
49.9 2.33499 5.01884 3542 3 0 124
50 2.34376 5.02621 3551 3 0 106
50.1 2.35254 5.03356 3560 3 0 96
50.2 2.36133 5.0409 3568 3 0 99
50.3 2.37013 5.04822 3577 3 0 107
50.4 2.37895 5.05553 3586 3 0 84
50.5 2.38778 5.06282 3595 3 0 115
50.6 2.39662 5.0701 3603 3 0 107
50.7 2.40548 5.07736 3612 3 0 90
50.8 2.41435 5.0846 3621 3 0 90
50.9 2.42323 5.09183 3629 3 0 85
51 2.43212 5.09905 3638 3 0 96
51.1 2.44103 5.10625 3647 3 0 101
51.2 2.44994 5.11343 3656 3 0 92
51.3 2.45888 5.1206 3664 3 0 88
51.4 2.46782 5.12775 3673 3 0 108
51.5 2.47677 5.13489 3682 3 0 88
51.6 2.48574 5.14201 3690 3 0 115
51.7 2.49472 5.14911 3699 3 0 90
51.8 2.50372 5.1562 3708 3 0 111
51.9 2.51272 5.16328 3717 3 0 100
52 2.52174 5.17033 3725 3 0 121
52.1 2.53077 5.17738 3734 3 0 104
52.2 2.53981 5.1844 3743 3 0 106
52.3 2.54887 5.19141 3751 3 0 89
52.4 2.55793 5.19841 3760 3 0 107
52.5 2.56701 5.20539 3769 3 0 83
52.6 2.5761 5.21235 3778 3 0 104
52.7 2.58521 5.2193 3786 3 0 87
52.8 2.59432 5.22623 3795 3 0 95
52.9 2.60345 5.23315 3804 3 0 95
53 2.61259 5.24005 3812 3 0 89
53.1 2.62174 5.24693 3821 3 0 67
53.2 2.63091 5.2538 3830 3 0 97
53.3 2.64008 5.26065 3839 3 0 77
53.4 2.64927 5.26748 3847 3 0 88
53.5 2.65847 5.2743 3856 3 0 77
53.6 2.66768 5.28111 3865 3 0 74
53.7 2.6769 5.28789 3873 3 0 92
53.8 2.68614 5.29467 3882 3 0 92
53.9 2.69538 5.30142 3891 3 0 85
54 2.70464 5.30816 3900 3 0 101
54.1 2.71391 5.31488 3908 3 0 82
54.2 2.7232 5.32159 3917 3 0 82
54.3 2.73249 5.32828 3926 3 0 91
54.4 2.74179 5.33496 3934 3 0 76
54.5 2.75111 5.34161 3943 3 0 93
54.6 2.76044 5.34826 3952 3 0 89
54.7 2.76978 5.35488 3961 3 0 76
54.8 2.77913 5.36149 3969 3 0 95
54.9 2.7885 5.36808 3978 3 0 87
55 2.79787 5.37466 3987 3 0 79
55.1 2.80726 5.38122 3995 3 0 92
55.2 2.81665 5.38776 4004 3 0 95
55.3 2.82606 5.39429 4013 3 0 105
55.4 2.83548 5.4008 4022 3 0 81
55.5 2.84492 5.4073 4030 3 0 101
55.6 2.85436 5.41377 4039 3 0 96
55.7 2.86381 5.42024 4048 3 0 87
55.8 2.87328 5.42668 4056 3 0 76
55.9 2.88276 5.43311 4065 3 0 89
56 2.89224 5.43952 4074 3 0 93
56.1 2.90174 5.44592 4083 3 0 96
56.2 2.91125 5.45229 4091 3 0 74
56.3 2.92078 5.45866 4100 3 0 81
56.4 2.93031 5.465 4109 3 0 97
56.5 2.93985 5.47133 4117 3 0 80
56.6 2.94941 5.47764 4126 3 0 84
56.7 2.95897 5.48394 4135 3 0 91
56.8 2.96855 5.49022 4144 3 0 88
56.9 2.97814 5.49648 4152 3 0 73
57 2.98774 5.50273 4161 3 0 72
57.1 2.99735 5.50895 4170 3 0 84
57.2 3.00697 5.51517 4179 3 0 79
57.3 3.0166 5.52136 4187 3 0 86
57.4 3.02624 5.52754 4196 3 0 77
57.5 3.03589 5.5337 4205 3 0 93
57.6 3.04556 5.53984 4213 3 0 76
57.7 3.05523 5.54597 4222 3 0 89
57.8 3.06491 5.55208 4231 3 0 96
57.9 3.07461 5.55818 4240 3 0 87
58 3.08432 5.56425 4248 3 0 100
58.1 3.09403 5.57031 4257 3 0 101
58.2 3.10376 5.57636 4266 3 0 67
58.3 3.1135 5.58238 4274 3 0 100
58.4 3.12325 5.58839 4283 3 0 92
58.5 3.13301 5.59438 4292 3 0 93
58.6 3.14277 5.60036 4301 3 0 87
58.7 3.15255 5.60632 4309 3 0 112
58.8 3.16234 5.61226 4318 3 0 96
58.9 3.17214 5.61818 4327 3 0 88
59 3.18196 5.62409 4335 3 0 84
59.1 3.19178 5.62998 4344 3 0 90
59.2 3.20161 5.63585 4353 3 0 92
59.3 3.21145 5.6417 4362 3 0 90
59.4 3.2213 5.64754 4370 3 0 111
59.5 3.23116 5.65336 4379 3 0 95
59.6 3.24103 5.65917 4388 3 0 71
59.7 3.25092 5.66495 4396 3 0 84
59.8 3.26081 5.67072 4405 3 0 101
59.9 3.27071 5.67647 4414 3 0 94
60 3.28062 5.68221 4423 3 0 109
60.1 3.29055 5.68792 4431 3 0 93
60.2 3.30048 5.69362 4440 3 0 113
60.3 3.31042 5.69931 4449 3 0 101
60.4 3.32037 5.70497 4457 3 0 127
60.5 3.33033 5.71062 4466 3 0 162
60.6 3.34031 5.71625 4475 3 0 212
60.7 3.35029 5.72186 4484 3 0 307
60.8 3.36028 5.72746 4492 3 0 456
60.9 3.37028 5.73304 4501 3 0 506
61 3.38029 5.7386 4510 3 0 462
61.1 3.39031 5.74414 4518 3 0 417
61.2 3.40034 5.74966 4527 3 0 318
61.3 3.41038 5.75517 4536 3 0 188
61.4 3.42043 5.76066 4545 3 0 137
61.5 3.43049 5.76614 4553 3 0 106
61.6 3.44056 5.77159 4562 3 0 101
61.7 3.45064 5.77703 4571 3 0 94
61.8 3.46072 5.78245 4579 3 0 82
61.9 3.47082 5.78785 4588 3 0 87
62 3.48093 5.79324 4597 3 0 87
62.1 3.49104 5.7986 4606 3 0 86
62.2 3.50117 5.80395 4614 3 0 107
62.3 3.5113 5.80929 4623 3 0 87
62.4 3.52145 5.8146 4632 3 0 103
62.5 3.5316 5.8199 4640 3 0 103
62.6 3.54176 5.82518 4649 3 0 72
62.7 3.55193 5.83044 4658 3 0 93
62.8 3.56211 5.83568 4667 3 0 91
62.9 3.5723 5.84091 4675 3 0 82
63 3.5825 5.84611 4684 3 0 72
63.1 3.59271 5.8513 4693 3 0 89
63.2 3.60293 5.85648 4701 3 0 93
63.3 3.61315 5.86163 4710 3 0 93
63.4 3.62339 5.86677 4719 3 0 83
63.5 3.63363 5.87189 4728 3 0 101
63.6 3.64389 5.87699 4736 3 0 89
63.7 3.65415 5.88207 4745 3 0 103
63.8 3.66442 5.88713 4754 3 0 91
63.9 3.6747 5.89218 4762 3 0 78
64 3.68499 5.89721 4771 3 0 74
64.1 3.69528 5.90222 4780 3 0 92
64.2 3.70559 5.90721 4789 3 0 92
64.3 3.7159 5.91219 4797 3 0 85
64.4 3.72623 5.91715 4806 3 0 95
64.5 3.73656 5.92209 4815 3 0 77
64.6 3.7469 5.92701 4824 3 0 97
64.7 3.75725 5.93191 4832 3 0 92
64.8 3.7676 5.93679 4841 3 0 102
64.9 3.77797 5.94166 4850 3 0 82
65 3.78834 5.94651 4858 3 0 90
65.1 3.79873 5.95134 4867 3 0 94
65.2 3.80912 5.95615 4876 3 0 78
65.3 3.81952 5.96095 4885 3 0 86
65.4 3.82993 5.96572 4893 3 0 104
65.5 3.84034 5.97048 4902 3 0 94
65.6 3.85077 5.97522 4911 3 0 86
65.7 3.8612 5.97994 4919 3 0 86
65.8 3.87164 5.98465 4928 3 0 86
65.9 3.88209 5.98933 4937 3 0 92
66 3.89255 5.994 4946 3 0 97
66.1 3.90301 5.99865 4954 3 0 92
66.2 3.91349 6.00328 4963 3 0 79
66.3 3.92397 6.00789 4972 3 0 81
66.4 3.93446 6.01248 4980 3 0 105
66.5 3.94496 6.01706 4989 3 0 78
66.6 3.95546 6.02162 4998 3 0 80
66.7 3.96598 6.02615 5007 3 0 91
66.8 3.9765 6.03067 5015 3 0 77
66.9 3.98703 6.03518 5024 3 0 93
67 3.99756 6.03966 5033 3 0 89
67.1 4.00811 6.04413 5041 3 0 85
67.2 4.01866 6.04857 5050 3 0 82
67.3 4.02922 6.053 5059 3 0 94
67.4 4.03979 6.05741 5068 3 0 88
67.5 4.05037 6.0618 5076 3 0 92
67.6 4.06095 6.06618 5085 3 0 78
67.7 4.07154 6.07053 5094 3 0 70
67.8 4.08214 6.07487 5102 3 0 61
67.9 4.09275 6.07918 5111 3 0 87
68 4.10336 6.08348 5120 3 0 78
68.1 4.11398 6.08776 5129 3 0 61
68.2 4.12461 6.09203 5137 3 0 75
68.3 4.13525 6.09627 5146 3 0 77
68.4 4.14589 6.10049 5155 3 0 77
68.5 4.15654 6.1047 5163 3 0 72
68.6 4.1672 6.10889 5172 3 0 82
68.7 4.17787 6.11306 5181 3 0 84
68.8 4.18854 6.11721 5190 3 0 67
68.9 4.19922 6.12134 5198 3 0 83
69 4.20991 6.12545 5207 3 0 97
69.1 4.2206 6.12955 5216 3 0 100
69.2 4.2313 6.13362 5224 3 0 74
69.3 4.24201 6.13768 5233 3 0 88
69.4 4.25273 6.14172 5242 3 0 99
69.5 4.26345 6.14574 5251 3 0 87
69.6 4.27418 6.14974 5259 3 0 86
69.7 4.28492 6.15372 5268 3 0 78
69.8 4.29566 6.15768 5277 3 0 84
69.9 4.30641 6.16163 5285 3 0 75
70 4.31717 6.16556 5294 3 0 100
70.1 4.32793 6.16946 5303 3 0 78
70.2 4.3387 6.17335 5312 3 0 79
70.3 4.34948 6.17722 5320 3 0 89
70.4 4.36027 6.18107 5329 3 0 90
70.5 4.37106 6.1849 5338 3 0 71
70.6 4.38186 6.18872 5346 3 0 79
70.7 4.39266 6.19251 5355 3 0 73
70.8 4.40347 6.19629 5364 3 0 74
70.9 4.41429 6.20004 5373 3 0 77
71 4.42511 6.20378 5381 3 0 56
71.1 4.43595 6.2075 5390 3 0 69
71.2 4.44678 6.2112 5399 3 0 81
71.3 4.45763 6.21488 5407 3 0 90
71.4 4.46848 6.21854 5416 3 0 77
71.5 4.47933 6.22219 5425 3 0 77
71.6 4.4902 6.22581 5434 3 0 86
71.7 4.50107 6.22942 5442 3 0 80
71.8 4.51194 6.233 5451 3 0 77
71.9 4.52282 6.23657 5460 3 0 72
72 4.53371 6.24012 5468 3 0 80
72.1 4.5446 6.24365 5477 3 0 78
72.2 4.5555 6.24716 5486 3 0 113
72.3 4.56641 6.25065 5495 3 0 86
72.4 4.57732 6.25412 5503 3 0 94
72.5 4.58824 6.25757 5512 3 0 102
72.6 4.59917 6.26101 5521 3 0 123
72.7 4.6101 6.26442 5529 3 0 134
72.8 4.62103 6.26782 5538 3 0 149
72.9 4.63198 6.27119 5547 3 0 320
73 4.64292 6.27455 5556 3 0 437
73.1 4.65388 6.27789 5564 3 0 488
73.2 4.66484 6.28121 5573 3 0 487
73.3 4.6758 6.28451 5582 3 0 429
73.4 4.68678 6.28779 5591 3 0 315
73.5 4.69775 6.29105 5599 3 0 190
73.6 4.70874 6.2943 5608 3 0 147
73.7 4.71972 6.29752 5617 3 0 115
73.8 4.73072 6.30072 5625 3 0 109
73.9 4.74172 6.30391 5634 3 0 108
74 4.75272 6.30708 5643 3 0 78
74.1 4.76373 6.31022 5652 3 0 97
74.2 4.77475 6.31335 5660 3 0 84
74.3 4.78577 6.31646 5669 3 0 93
74.4 4.7968 6.31955 5678 3 0 96
74.5 4.80783 6.32262 5686 3 0 85
74.6 4.81887 6.32567 5695 3 0 70
74.7 4.82991 6.3287 5704 3 0 83
74.8 4.84096 6.33171 5713 3 0 70
74.9 4.85201 6.3347 5721 3 0 90
75 4.86307 6.33768 5730 3 0 81
75.1 4.87414 6.34063 5739 3 0 82
75.2 4.8852 6.34357 5747 3 0 81
75.3 4.89628 6.34648 5756 3 0 94
75.4 4.90736 6.34938 5765 3 0 85
75.5 4.91844 6.35226 5774 3 0 86
75.6 4.92953 6.35511 5782 3 0 74
75.7 4.94063 6.35795 5791 3 0 81
75.8 4.95172 6.36077 5800 3 0 91
75.9 4.96283 6.36357 5808 3 0 88
76 4.97394 6.36635 5817 3 0 82
76.1 4.98505 6.36911 5826 3 0 88
76.2 4.99617 6.37185 5835 3 0 92
76.3 5.00729 6.37457 5843 3 0 81
76.4 5.01842 6.37728 5852 3 0 72
76.5 5.02955 6.37996 5861 3 0 79
76.6 5.04069 6.38262 5869 3 0 113
76.7 5.05183 6.38527 5878 3 0 119
76.8 5.06298 6.38789 5887 3 0 158
76.9 5.07413 6.3905 5896 3 0 148
77 5.08529 6.39308 5904 3 0 161
77.1 5.09645 6.39565 5913 3 0 184
77.2 5.10761 6.3982 5922 3 0 128
77.3 5.11878 6.40072 5930 3 0 128
77.4 5.12996 6.40323 5939 3 0 104
77.5 5.14113 6.40572 5948 3 0 85
77.6 5.15232 6.40819 5957 3 0 103
77.7 5.1635 6.41064 5965 3 0 81
77.8 5.17469 6.41307 5974 3 0 97
77.9 5.18589 6.41548 5983 3 0 79
78 5.19709 6.41787 5991 3 0 77
78.1 5.20829 6.42024 6000 3 0 77
78.2 5.2195 6.42259 6009 3 0 66
78.3 5.23071 6.42492 6018 3 0 83
78.4 5.24193 6.42724 6026 3 0 77
78.5 5.25315 6.42953 6035 3 0 76
78.6 5.26437 6.4318 6044 3 0 84
78.7 5.2756 6.43406 6052 3 0 64
78.8 5.28683 6.43629 6061 3 0 89
78.9 5.29806 6.4385 6070 3 0 93
79 5.3093 6.4407 6079 3 0 66
79.1 5.32055 6.44287 6087 3 0 84
79.2 5.33179 6.44503 6096 3 0 70
79.3 5.34304 6.44717 6105 3 0 72
79.4 5.3543 6.44928 6113 3 0 81
79.5 5.36556 6.45138 6122 3 0 72
79.6 5.37682 6.45346 6131 3 0 67
79.7 5.38808 6.45551 6140 3 0 66
79.8 5.39935 6.45755 6148 3 0 66
79.9 5.41062 6.45957 6157 3 0 70
80 5.4219 6.46157 6166 3 0 70
80.1 5.43318 6.46355 6175 3 0 65
80.2 5.44446 6.46551 6183 3 0 98
80.3 5.45575 6.46744 6192 3 0 76
80.4 5.46704 6.46936 6201 3 0 66
80.5 5.47833 6.47126 6209 3 0 75
80.6 5.48963 6.47314 6218 3 0 73
80.7 5.50092 6.475 6227 3 0 70
80.8 5.51223 6.47685 6236 3 0 61
80.9 5.52353 6.47867 6244 3 0 75
81 5.53484 6.48047 6253 3 0 80
81.1 5.54615 6.48225 6262 3 0 64
81.2 5.55747 6.48401 6270 3 0 78
81.3 5.56879 6.48575 6279 3 0 64
81.4 5.58011 6.48748 6288 3 0 82
81.5 5.59143 6.48918 6297 3 0 78
81.6 5.60276 6.49086 6305 3 0 61
81.7 5.61409 6.49252 6314 3 0 72
81.8 5.62542 6.49417 6323 3 0 69
81.9 5.63676 6.49579 6331 3 0 64
82 5.6481 6.49739 6340 3 0 63
82.1 5.65944 6.49898 6349 3 0 82
82.2 5.67078 6.50054 6358 3 0 73
82.3 5.68213 6.50209 6366 3 0 84
82.4 5.69348 6.50361 6375 3 0 69
82.5 5.70483 6.50512 6384 3 0 74
82.6 5.71619 6.5066 6392 3 0 60
82.7 5.72755 6.50806 6401 3 0 75
82.8 5.73891 6.50951 6410 3 0 69
82.9 5.75027 6.51094 6419 3 0 80
83 5.76163 6.51234 6427 3 0 67
83.1 5.773 6.51373 6436 3 0 74
83.2 5.78437 6.51509 6445 3 0 83
83.3 5.79574 6.51644 6453 3 0 60
83.4 5.80712 6.51776 6462 3 0 68
83.5 5.81849 6.51907 6471 3 0 63
83.6 5.82987 6.52036 6480 3 0 75
83.7 5.84125 6.52162 6488 3 0 69
83.8 5.85264 6.52287 6497 3 0 56
83.9 5.86402 6.5241 6506 3 0 70
84 5.87541 6.5253 6514 3 0 62
84.1 5.8868 6.52649 6523 3 0 75
84.2 5.89819 6.52766 6532 3 0 61
84.3 5.90959 6.52881 6541 3 0 60
84.4 5.92098 6.52993 6549 3 0 73
84.5 5.93238 6.53104 6558 3 0 63
84.6 5.94378 6.53213 6567 3 0 85
84.7 5.95518 6.5332 6575 3 0 50
84.8 5.96658 6.53424 6584 3 0 72
84.9 5.97799 6.53527 6593 3 0 59
85 5.9894 6.53628 6602 3 0 80
85.1 6.00081 6.53727 6610 3 0 65
85.2 6.01222 6.53824 6619 3 0 69
85.3 6.02363 6.53918 6628 3 0 74
85.4 6.03504 6.54011 6636 3 0 59
85.5 6.04646 6.54102 6645 3 0 67
85.6 6.05787 6.54191 6654 3 0 66
85.7 6.06929 6.54278 6663 3 0 67
85.8 6.08071 6.54363 6671 3 0 67
85.9 6.09213 6.54446 6680 3 0 57
86 6.10356 6.54526 6689 3 0 66
86.1 6.11498 6.54605 6697 3 0 59
86.2 6.12641 6.54682 6706 3 0 74
86.3 6.13783 6.54757 6715 3 0 56
86.4 6.14926 6.5483 6724 3 0 66
86.5 6.16069 6.54901 6732 3 0 65
86.6 6.17212 6.5497 6741 3 0 59
86.7 6.18356 6.55037 6750 3 0 55
86.8 6.19499 6.55102 6759 3 0 59
86.9 6.20642 6.55165 6767 3 0 64
87 6.21786 6.55226 6776 3 0 62
87.1 6.22929 6.55284 6785 3 0 46
87.2 6.24073 6.55341 6793 3 0 59
87.3 6.25217 6.55396 6802 3 0 59
87.4 6.26361 6.55449 6811 3 0 65
87.5 6.27505 6.555 6820 3 0 72
87.6 6.28649 6.55549 6828 3 0 47
87.7 6.29793 6.55596 6837 3 0 56
87.8 6.30938 6.55641 6846 3 0 69
87.9 6.32082 6.55684 6854 3 0 60
88 6.33226 6.55725 6863 3 0 69
88.1 6.34371 6.55764 6872 3 0 60
88.2 6.35515 6.55801 6881 3 0 55
88.3 6.3666 6.55836 6889 3 0 67
88.4 6.37805 6.55869 6898 3 0 75
88.5 6.38949 6.559 6907 3 0 50
88.6 6.40094 6.55929 6915 3 0 66
88.7 6.41239 6.55956 6924 3 0 62
88.8 6.42384 6.55981 6933 3 0 54
88.9 6.43529 6.56004 6942 3 0 62
89 6.44674 6.56025 6950 3 0 54
89.1 6.45819 6.56044 6959 3 0 62
89.2 6.46964 6.56061 6968 3 0 69
89.3 6.48109 6.56076 6976 3 0 62
89.4 6.49254 6.56089 6985 3 0 87
89.5 6.50399 6.561 6994 3 0 96
89.6 6.51544 6.56109 7003 3 0 65
89.7 6.52689 6.56116 7011 3 0 80
89.8 6.53834 6.56121 7020 3 0 73
89.9 6.5498 6.56124 7029 3 0 62
90 6.56125 6.56125 7037 3 0 73
90.1 6.5727 6.56124 7046 3 0 64
90.2 6.58415 6.56121 7055 3 0 64
90.3 6.5956 6.56116 7064 3 0 63
90.4 6.60705 6.56109 7072 3 0 58
90.5 6.6185 6.561 7081 3 0 54
90.6 6.62996 6.56089 7090 3 0 65
90.7 6.64141 6.56076 7098 3 0 56
90.8 6.65286 6.56061 7107 3 0 68
90.9 6.66431 6.56044 7116 3 0 65
91 6.67576 6.56025 7125 3 0 62
91.1 6.68721 6.56004 7133 3 0 56
91.2 6.69866 6.55981 7142 3 0 66
91.3 6.7101 6.55956 7151 3 0 62
91.4 6.72155 6.55929 7160 3 0 56
91.5 6.733 6.559 7168 3 0 69
91.6 6.74445 6.55869 7177 3 0 62
91.7 6.75589 6.55836 7186 3 0 85
91.8 6.76734 6.55801 7194 3 0 128
91.9 6.77879 6.55764 7203 3 0 163
92 6.79023 6.55725 7212 3 0 211
92.1 6.80168 6.55684 7221 3 0 239
92.2 6.81312 6.55641 7229 3 0 232
92.3 6.82456 6.55596 7238 3 0 166
92.4 6.836 6.55549 7247 3 0 109
92.5 6.84744 6.555 7255 3 0 75
92.6 6.85889 6.55449 7264 3 0 73
92.7 6.87032 6.55396 7273 3 0 67
92.8 6.88176 6.55341 7282 3 0 52
92.9 6.8932 6.55284 7290 3 0 68
93 6.90464 6.55226 7299 3 0 61
93.1 6.91607 6.55165 7308 3 0 72
93.2 6.92751 6.55102 7316 3 0 53
93.3 6.93894 6.55037 7325 3 0 58
93.4 6.95037 6.5497 7334 3 0 57
93.5 6.9618 6.54901 7343 3 0 52
93.6 6.97323 6.5483 7351 3 0 52
93.7 6.98466 6.54757 7360 3 0 52
93.8 6.99609 6.54682 7369 3 0 69
93.9 7.00751 6.54605 7377 3 0 63
94 7.01894 6.54526 7386 3 0 60
94.1 7.03036 6.54446 7395 3 0 60
94.2 7.04178 6.54363 7404 3 0 55
94.3 7.0532 6.54278 7412 3 0 55
94.4 7.06462 6.54191 7421 3 0 61
94.5 7.07604 6.54102 7430 3 0 67
94.6 7.08745 6.54011 7438 3 0 70
94.7 7.09887 6.53918 7447 3 0 62
94.8 7.11028 6.53824 7456 3 0 69
94.9 7.12169 6.53727 7465 3 0 65
95 7.1331 6.53628 7473 3 0 68
95.1 7.1445 6.53527 7482 3 0 67
95.2 7.15591 6.53424 7491 3 0 54
95.3 7.16731 6.5332 7499 3 0 71
95.4 7.17872 6.53213 7508 3 0 67
95.5 7.19012 6.53104 7517 3 0 49
95.6 7.20151 6.52993 7526 3 0 51
95.7 7.21291 6.52881 7534 3 0 65
95.8 7.2243 6.52766 7543 3 0 59
95.9 7.23569 6.52649 7552 3 0 60
96 7.24708 6.5253 7560 3 0 69
96.1 7.25847 6.5241 7569 3 0 60
96.2 7.26986 6.52287 7578 3 0 68
96.3 7.28124 6.52162 7587 3 0 51
96.4 7.29262 6.52036 7595 3 0 50
96.5 7.304 6.51907 7604 3 0 55
96.6 7.31538 6.51776 7613 3 0 62
96.7 7.32675 6.51644 7621 3 0 64
96.8 7.33813 6.51509 7630 3 0 56
96.9 7.34949 6.51373 7639 3 0 59
97 7.36086 6.51234 7648 3 0 47
97.1 7.37223 6.51094 7656 3 0 65
97.2 7.38359 6.50951 7665 3 0 58
97.3 7.39495 6.50806 7674 3 0 62
97.4 7.40631 6.5066 7683 3 0 60
97.5 7.41766 6.50512 7691 3 0 73
97.6 7.42901 6.50361 7700 3 0 75
97.7 7.44036 6.50209 7709 3 0 49
97.8 7.45171 6.50054 7717 3 0 65
97.9 7.46306 6.49898 7726 3 0 66
98 7.4744 6.49739 7735 3 0 74
98.1 7.48574 6.49579 7744 3 0 57
98.2 7.49707 6.49417 7752 3 0 70
98.3 7.5084 6.49252 7761 3 0 68
98.4 7.51973 6.49086 7770 3 0 65
98.5 7.53106 6.48918 7778 3 0 63
98.6 7.54239 6.48748 7787 3 0 62
98.7 7.55371 6.48575 7796 3 0 62
98.8 7.56503 6.48401 7805 3 0 58
98.9 7.57634 6.48225 7813 3 0 61
99 7.58765 6.48047 7822 3 0 51
99.1 7.59896 6.47867 7831 3 0 60
99.2 7.61027 6.47685 7839 3 0 77
99.3 7.62157 6.475 7848 3 0 67
99.4 7.63287 6.47314 7857 3 0 67
99.5 7.64417 6.47126 7866 3 0 62
99.6 7.65546 6.46936 7874 3 0 58
99.7 7.66675 6.46744 7883 3 0 76
99.8 7.67803 6.46551 7892 3 0 59
99.9 7.68932 6.46355 7901 3 0 73
100 7.7006 6.46157 7909 3 0 64
100.1 7.71187 6.45957 7918 3 0 61
100.2 7.72314 6.45755 7927 3 0 69
100.3 7.73441 6.45551 7935 3 0 87
100.4 7.74568 6.45346 7944 3 0 54
100.5 7.75694 6.45138 7953 3 0 52
100.6 7.7682 6.44928 7962 3 0 73
100.7 7.77945 6.44717 7970 3 0 52
100.8 7.7907 6.44503 7979 3 0 56
100.9 7.80195 6.44287 7988 3 0 62
101 7.81319 6.4407 7996 3 0 69
101.1 7.82443 6.4385 8005 3 0 71
101.2 7.83567 6.43629 8014 3 0 59
101.3 7.8469 6.43406 8023 3 0 67
101.4 7.85813 6.4318 8031 3 0 66
101.5 7.86935 6.42953 8040 3 0 57
101.6 7.88057 6.42724 8049 3 0 58
101.7 7.89179 6.42492 8057 3 0 77
101.8 7.903 6.42259 8066 3 0 50
101.9 7.9142 6.42024 8075 3 0 72
102 7.92541 6.41787 8084 3 0 62
102.1 7.93661 6.41548 8092 3 0 84
102.2 7.9478 6.41307 8101 3 0 82
102.3 7.95899 6.41064 8110 3 0 52
102.4 7.97018 6.40819 8118 3 0 79
102.5 7.98136 6.40572 8127 3 0 81
102.6 7.99254 6.40323 8136 3 0 72
102.7 8.00371 6.40072 8145 3 0 84
102.8 8.01488 6.3982 8153 3 0 89
102.9 8.02605 6.39565 8162 3 0 134
103 8.03721 6.39308 8171 3 0 149
103.1 8.04836 6.3905 8179 3 0 254
103.2 8.05951 6.38789 8188 3 0 311
103.3 8.07066 6.38527 8197 3 0 291
103.4 8.0818 6.38262 8206 3 0 254
103.5 8.09294 6.37996 8214 3 0 216
103.6 8.10407 6.37728 8223 3 0 184
103.7 8.1152 6.37457 8232 3 0 141
103.8 8.12632 6.37185 8240 3 0 119
103.9 8.13744 6.36911 8249 3 0 117
104 8.14856 6.36635 8258 3 0 84
104.1 8.15967 6.36357 8267 3 0 91
104.2 8.17077 6.36077 8275 3 0 87
104.3 8.18187 6.35795 8284 3 0 90
104.4 8.19296 6.35511 8293 3 0 88
104.5 8.20405 6.35226 8302 3 0 65
104.6 8.21514 6.34938 8310 3 0 73
104.7 8.22622 6.34648 8319 3 0 61
104.8 8.23729 6.34357 8328 3 0 78
104.9 8.24836 6.34063 8336 3 0 62
105 8.25942 6.33768 8345 3 0 66
105.1 8.27048 6.3347 8354 3 0 66
105.2 8.28154 6.33171 8363 3 0 70
105.3 8.29258 6.3287 8371 3 0 77
105.4 8.30363 6.32567 8380 3 0 76
105.5 8.31466 6.32262 8389 3 0 78
105.6 8.3257 6.31955 8397 3 0 78
105.7 8.33672 6.31646 8406 3 0 67
105.8 8.34775 6.31335 8415 3 0 89
105.9 8.35876 6.31022 8424 3 0 77
106 8.36977 6.30708 8432 3 0 70
106.1 8.38078 6.30391 8441 3 0 77
106.2 8.39178 6.30072 8450 3 0 87
106.3 8.40277 6.29752 8458 3 0 86
106.4 8.41376 6.2943 8467 3 0 86
106.5 8.42474 6.29105 8476 3 0 84
106.6 8.43572 6.28779 8485 3 0 79
106.7 8.44669 6.28451 8493 3 0 97
106.8 8.45766 6.28121 8502 3 0 114
106.9 8.46862 6.27789 8511 3 0 149
107 8.47957 6.27455 8519 3 0 173
107.1 8.49052 6.27119 8528 3 0 222
107.2 8.50146 6.26782 8537 3 0 250
107.3 8.5124 6.26442 8546 3 0 215
107.4 8.52333 6.26101 8554 3 0 249
107.5 8.53425 6.25757 8563 3 0 176
107.6 8.54517 6.25412 8572 3 0 172
107.7 8.55608 6.25065 8581 3 0 125
107.8 8.56699 6.24716 8589 3 0 104
107.9 8.57789 6.24365 8598 3 0 82
108 8.58878 6.24012 8607 3 0 88
108.1 8.59967 6.23657 8615 3 0 88
108.2 8.61055 6.233 8624 3 0 82
108.3 8.62143 6.22942 8633 3 0 70
108.4 8.6323 6.22581 8642 3 0 81
108.5 8.64316 6.22219 8650 3 0 75
108.6 8.65402 6.21854 8659 3 0 88
108.7 8.66487 6.21488 8668 3 0 71
108.8 8.67571 6.2112 8676 3 0 69
108.9 8.68655 6.2075 8685 3 0 52
109 8.69738 6.20378 8694 3 0 66
109.1 8.7082 6.20004 8703 3 0 61
109.2 8.71902 6.19629 8711 3 0 79
109.3 8.72983 6.19251 8720 3 0 79
109.4 8.74064 6.18872 8729 3 0 74
109.5 8.75144 6.1849 8737 3 0 73
109.6 8.76223 6.18107 8746 3 0 76
109.7 8.77301 6.17722 8755 3 0 96
109.8 8.78379 6.17335 8764 3 0 72
109.9 8.79456 6.16946 8772 3 0 65
110 8.80533 6.16556 8781 3 0 86
110.1 8.81608 6.16163 8790 3 0 72
110.2 8.82683 6.15768 8798 3 0 76
110.3 8.83758 6.15372 8807 3 0 74
110.4 8.84831 6.14974 8816 3 0 85
110.5 8.85904 6.14574 8825 3 0 70
110.6 8.86977 6.14172 8833 3 0 76
110.7 8.88048 6.13768 8842 3 0 74
110.8 8.89119 6.13362 8851 3 0 62
110.9 8.90189 6.12955 8860 3 0 59
111 8.91259 6.12545 8868 3 0 87
111.1 8.92328 6.12134 8877 3 0 71
111.2 8.93396 6.11721 8886 3 0 67
111.3 8.94463 6.11306 8894 3 0 68
111.4 8.95529 6.10889 8903 3 0 63
111.5 8.96595 6.1047 8912 3 0 63
111.6 8.9766 6.10049 8921 3 0 58
111.7 8.98725 6.09627 8929 3 0 79
111.8 8.99788 6.09203 8938 3 0 77
111.9 9.00851 6.08776 8947 3 0 61
112 9.01913 6.08348 8955 3 0 83
112.1 9.02975 6.07918 8964 3 0 80
112.2 9.04035 6.07487 8973 3 0 74
112.3 9.05095 6.07053 8982 3 0 76
112.4 9.06154 6.06618 8990 3 0 67
112.5 9.07213 6.0618 8999 3 0 72
112.6 9.0827 6.05741 9008 3 0 53
112.7 9.09327 6.053 9016 3 0 65
112.8 9.10383 6.04857 9025 3 0 74
112.9 9.11439 6.04413 9034 3 0 68
113 9.12493 6.03966 9043 3 0 70
113.1 9.13547 6.03518 9051 3 0 67
113.2 9.146 6.03067 9060 3 0 76
113.3 9.15652 6.02615 9069 3 0 80
113.4 9.16703 6.02162 9077 3 0 66
113.5 9.17754 6.01706 9086 3 0 82
113.6 9.18804 6.01248 9095 3 0 88
113.7 9.19853 6.00789 9104 3 0 65
113.8 9.20901 6.00328 9112 3 0 61
113.9 9.21948 5.99865 9121 3 0 68
114 9.22995 5.994 9130 3 0 78
114.1 9.2404 5.98933 9139 3 0 76
114.2 9.25085 5.98465 9147 3 0 71
114.3 9.26129 5.97994 9156 3 0 85
114.4 9.27173 5.97522 9165 3 0 66
114.5 9.28215 5.97048 9173 3 0 62
114.6 9.29257 5.96572 9182 3 0 68
114.7 9.30298 5.96095 9191 3 0 78
114.8 9.31338 5.95615 9200 3 0 79
114.9 9.32377 5.95134 9208 3 0 81
115 9.33415 5.94651 9217 3 0 80
115.1 9.34452 5.94166 9226 3 0 87
115.2 9.35489 5.93679 9234 3 0 62
115.3 9.36525 5.93191 9243 3 0 75
115.4 9.3756 5.92701 9252 3 0 73
115.5 9.38594 5.92209 9261 3 0 64
115.6 9.39627 5.91715 9269 3 0 59
115.7 9.40659 5.91219 9278 3 0 75
115.8 9.41691 5.90721 9287 3 0 77
115.9 9.42721 5.90222 9295 3 0 63
116 9.43751 5.89721 9304 3 0 57
116.1 9.4478 5.89218 9313 3 0 71
116.2 9.45808 5.88713 9322 3 0 68
116.3 9.46835 5.88207 9330 3 0 78
116.4 9.47861 5.87699 9339 3 0 72
116.5 9.48886 5.87189 9348 3 0 73
116.6 9.49911 5.86677 9356 3 0 64
116.7 9.50934 5.86163 9365 3 0 73
116.8 9.51957 5.85648 9374 3 0 64
116.9 9.52978 5.8513 9383 3 0 82
117 9.53999 5.84611 9391 3 0 70
117.1 9.55019 5.84091 9400 3 0 70
117.2 9.56038 5.83568 9409 3 0 75
117.3 9.57056 5.83044 9418 3 0 74
117.4 9.58073 5.82518 9426 3 0 71
117.5 9.59089 5.8199 9435 3 0 73
117.6 9.60105 5.8146 9444 3 0 57
117.7 9.61119 5.80929 9452 3 0 75
117.8 9.62133 5.80395 9461 3 0 59
117.9 9.63145 5.7986 9470 3 0 68
118 9.64157 5.79324 9479 3 0 69
118.1 9.65167 5.78785 9487 3 0 64
118.2 9.66177 5.78245 9496 3 0 84
118.3 9.67186 5.77703 9505 3 0 77
118.4 9.68194 5.77159 9513 3 0 90
118.5 9.692 5.76614 9522 3 0 80
118.6 9.70206 5.76066 9531 3 0 88
118.7 9.71211 5.75517 9540 3 0 72
118.8 9.72215 5.74966 9548 3 0 59
118.9 9.73218 5.74414 9557 3 0 75
119 9.7422 5.7386 9566 3 0 70
119.1 9.75221 5.73304 9574 3 0 74
119.2 9.76222 5.72746 9583 3 0 77
119.3 9.77221 5.72186 9592 3 0 81
119.4 9.78219 5.71625 9601 3 0 64
119.5 9.79216 5.71062 9609 3 0 71
119.6 9.80212 5.70497 9618 3 0 76
119.7 9.81207 5.69931 9627 3 0 83
119.8 9.82202 5.69362 9635 3 0 79
119.9 9.83195 5.68792 9644 3 0 78
120 9.84187 5.68221 9653 3 0 81
